Network options:
2 hidden layers
50 neurons/hidden layer
50 embedding dim
Vocab size: 25380
Number of classes: 80
WikiClassifier(
  (word_embeddings): Embedding(25380, 50)
  (model): LSTM(50, 50, num_layers=2)
  (hidden2class): Linear(in_features=50, out_features=80, bias=True)
)
Epoch 0 complete
Time: 31.58
Average in-sample loss: 4.134296463570745
In-sample accuracy: 0.054814023847659724
Average dev loss: 4.056131361218109
dev accuracy: 0.05338078291814947
Epoch 1 complete
Time: 31.14
Average in-sample loss: 4.077849260427112
In-sample accuracy: 0.059263214095034704
Average dev loss: 3.9909785993582836
dev accuracy: 0.06476868327402135
Epoch 2 complete
Time: 32.02
Average in-sample loss: 4.027593592335945
In-sample accuracy: 0.06727175654030966
Average dev loss: 3.944521105077343
dev accuracy: 0.07330960854092526
Epoch 3 complete
Time: 31.37
Average in-sample loss: 4.082954956068435
In-sample accuracy: 0.05605979711692472
Average dev loss: 3.976897399366114
dev accuracy: 0.0711743772241993
Initiating early stopping
Average test loss: 4.026033251056467
Test accuracy: 0.07473309608540925
{'the_adventures_of_tom_sawyer': array([-9.17694420e-02,  2.71424763e-02, -1.16841152e-01, -6.77526891e-02,
        2.48026252e-02, -3.41712087e-02, -6.94190785e-02, -5.53282872e-02,
        5.91357297e-04,  2.46517267e-02,  5.61631732e-02, -5.08598648e-02,
        6.93452209e-02,  1.48513392e-01,  8.23996440e-02, -8.95339326e-05,
        8.66989717e-02,  1.57695729e-02,  1.37301655e-02,  1.56462505e-01,
        1.65304281e-02,  1.93291977e-02, -1.28488645e-01, -7.67836794e-02,
        7.82411993e-02, -3.25928442e-02,  1.22790122e-02,  1.89578123e-02,
       -1.91780508e-01, -1.04472317e-01,  4.15384918e-02, -1.30956620e-01,
        1.23214059e-01,  2.45607994e-03, -1.63503036e-01,  1.62159521e-02,
       -1.68161824e-01,  1.23388559e-01, -5.37789315e-02, -1.08867995e-01,
       -1.89098626e-01, -3.83516401e-02, -5.74107319e-02,  1.09482948e-02,
       -1.99335511e-03,  9.92261805e-03, -7.61073083e-02,  1.56039730e-01,
       -1.54892504e-01,  8.58136341e-02], dtype=float32), 'william_gaddis': array([-0.14322823,  0.00230217, -0.22681578, -0.14802435, -0.08412325,
       -0.04887122,  0.03332069, -0.10809698, -0.00519349,  0.09278189,
        0.15249763,  0.0471215 ,  0.09231231,  0.09390551, -0.17399937,
        0.07211468, -0.18998145,  0.02575994,  0.06831302,  0.1700288 ,
        0.16133681,  0.04983998, -0.10491259,  0.0168991 ,  0.11945493,
       -0.16698149,  0.16048625, -0.01060105, -0.17871517,  0.06095537,
        0.08858634, -0.03320817, -0.00579486, -0.09514831,  0.01556167,
       -0.21049663, -0.07692604,  0.12170406,  0.2253458 ,  0.05070645,
       -0.0333747 , -0.13934377, -0.08932107,  0.14849381, -0.02805885,
       -0.02723177, -0.13866645,  0.29923582, -0.09014001,  0.14620566],
      dtype=float32), 'beloved_(novel)': array([ 0.04962707, -0.12512158,  0.38392764, -0.12986378, -0.2082323 ,
        0.08022107,  0.05484257,  0.02739061, -0.10850001,  0.00381371,
        0.18942693, -0.13357425, -0.04122888,  0.02028058,  0.02657849,
        0.09191151,  0.03449043, -0.15308674, -0.06255354,  0.00199704,
        0.1042201 , -0.26305184,  0.16051659, -0.01521399, -0.23340943,
        0.15081057,  0.11444451,  0.21721569, -0.03502238,  0.1973533 ,
        0.04349842,  0.28050956,  0.00650345, -0.14984262,  0.02266093,
        0.21104462,  0.01134428, -0.1647419 , -0.14760144,  0.16426112,
        0.17985493, -0.08475785, -0.40392   ,  0.09349243,  0.01273645,
       -0.19456774, -0.10831329, -0.18068548, -0.18948853,  0.07276168],
      dtype=float32), 'michael_chabon': array([-0.0469855 ,  0.06356919,  0.02896516,  0.07302845,  0.02165534,
        0.12316209,  0.05114741,  0.07456677,  0.01656517,  0.08588621,
       -0.00385915, -0.12014435, -0.1507921 ,  0.17201996,  0.09196497,
       -0.03563952,  0.14785807,  0.09405915, -0.01758246, -0.03180236,
       -0.07703128,  0.09512798,  0.10047568,  0.02559617, -0.0684697 ,
        0.15061557,  0.2490879 , -0.00997146, -0.26002195, -0.07446068,
       -0.04254493, -0.04344219,  0.06776599, -0.09561949, -0.04317167,
       -0.01520712,  0.0423591 , -0.17647149,  0.00494622,  0.1716768 ,
       -0.14717686,  0.01460185,  0.02002267, -0.04598461, -0.06642544,
       -0.08325437, -0.00831039, -0.17226937,  0.00318436,  0.14124441],
      dtype=float32), 'henry_fonda': array([ 0.06654864,  0.00314307, -0.12682104,  0.13504341, -0.13192143,
       -0.0674209 ,  0.08403109, -0.00807094,  0.0178484 , -0.11529953,
       -0.0888645 , -0.09380316,  0.09318542, -0.01881042, -0.11165344,
       -0.0649652 , -0.01839574,  0.08340663,  0.0352455 , -0.06330329,
        0.11162212,  0.04715277,  0.0417893 ,  0.04481748,  0.0116564 ,
       -0.02694789,  0.17042048,  0.02713808, -0.02686027, -0.13989376,
       -0.04983031, -0.01734101,  0.02673177, -0.04966327, -0.00244658,
        0.01890935, -0.10685416, -0.06989993, -0.1203257 ,  0.13458025,
        0.09271716,  0.15809454,  0.1462886 , -0.16725448,  0.14395115,
       -0.05814056,  0.09314904,  0.03315273, -0.14432599,  0.03023326],
      dtype=float32), 'harriet_beecher_stowe': array([ 0.01629471, -0.08271895,  0.16469271,  0.08504238, -0.07816827,
        0.06823105,  0.05677351,  0.02554194, -0.10051792, -0.00476861,
       -0.11624306,  0.00793363, -0.0630194 , -0.08323441, -0.13919131,
       -0.05267086, -0.01260537,  0.06064207,  0.13644518,  0.1164577 ,
       -0.1571657 , -0.03046304,  0.15965554,  0.00933273, -0.02121437,
       -0.10966168, -0.06639288, -0.10340448,  0.00147802,  0.20419228,
        0.00665099, -0.11882677,  0.0504686 ,  0.07487678,  0.11225807,
       -0.00497369,  0.04700359, -0.05067813, -0.05204128, -0.0267967 ,
        0.17205733,  0.12652773, -0.01822629,  0.05545642,  0.03493449,
        0.00888464,  0.01654299,  0.12449036, -0.07084768,  0.00559854],
      dtype=float32), 'american_pastoral': array([-0.15306112,  0.0655624 , -0.11799113, -0.24793571, -0.05937834,
       -0.07125088,  0.07894597, -0.23669448, -0.01426957,  0.01347605,
        0.00181487,  0.04705848, -0.08601516,  0.04524794, -0.20997334,
        0.04774963, -0.24001068,  0.16322744, -0.03078894,  0.13188697,
        0.18530379, -0.01876181, -0.23913333, -0.16277415,  0.01099786,
       -0.1500792 ,  0.05061032, -0.09977273, -0.15075232, -0.03393843,
        0.11842278, -0.14428876, -0.10738218, -0.06117433, -0.03151381,
       -0.00420132,  0.02163569, -0.05173583,  0.09974156,  0.18077925,
        0.05342938, -0.18625592, -0.01324037,  0.12090158,  0.0226357 ,
        0.0859276 , -0.04636132,  0.25880608, -0.18289696, -0.00672235],
      dtype=float32), 'ernest_hemingway': array([ 0.06809152,  0.05525862, -0.04660612,  0.00845257, -0.12308092,
       -0.11685014,  0.02736051,  0.21673968, -0.02148503, -0.0912848 ,
       -0.10396208,  0.15543376, -0.11791338,  0.1275442 ,  0.15813908,
        0.0618726 ,  0.07387182,  0.04990154,  0.02031255, -0.01151562,
       -0.22283274,  0.04810808,  0.06776441,  0.14157961,  0.05662166,
        0.14903581,  0.09709651,  0.0894506 ,  0.09259346, -0.07438549,
        0.02265043,  0.10120908, -0.08434405,  0.1678104 , -0.15563856,
        0.13007756, -0.09348348, -0.02516124, -0.11020397, -0.01005009,
       -0.06701394,  0.14020415,  0.15381   , -0.15644702, -0.00552877,
        0.04398145,  0.04534189, -0.15962102, -0.05610377, -0.10591328],
      dtype=float32), 'harriette_simpson_arnow': array([-0.1690203 , -0.17314987, -0.15941687, -0.03709399, -0.08446742,
        0.08099984,  0.10273881, -0.10155457,  0.24243273,  0.1379214 ,
        0.14286914, -0.05580856, -0.00595093, -0.06558432, -0.15855883,
        0.02756152, -0.32498652,  0.05865033,  0.04519996,  0.08132711,
        0.4154414 ,  0.1460112 , -0.19057666, -0.09587083, -0.02198238,
       -0.1714588 ,  0.15199947, -0.07267246, -0.2311226 ,  0.01535607,
        0.1410313 , -0.12868266, -0.02802872,  0.0132085 ,  0.04459631,
       -0.25182235, -0.05796273,  0.05963685,  0.16104078,  0.14189138,
       -0.06261252, -0.08342658,  0.03621769,  0.01090129,  0.12072943,
        0.04821521, -0.18862754,  0.26207855, -0.09834684, -0.04402655],
      dtype=float32), 'history_of_the_united_states': array([ 0.14700875,  0.29041833,  0.40401325,  0.24175549,  0.31309468,
       -0.11866551,  0.10434968,  0.257248  , -0.2573906 ,  0.11992992,
       -0.33228856,  0.22004682, -0.06492829, -0.5197982 , -0.04488541,
       -0.5562835 ,  0.1464047 , -0.10446432,  0.27430952, -0.23684011,
       -0.56603295, -0.25375965,  0.12133465, -0.00528365,  0.02994023,
        0.05917376, -0.28999776,  0.05073574,  0.41419488,  0.03356586,
       -0.03525953,  0.05962636, -0.12376666,  0.4585773 ,  0.19198756,
        0.04326712,  0.45838478,  0.12003163, -0.29476622, -0.2697135 ,
        0.17318137,  0.31430304,  0.14406325,  0.03851486,  0.05537909,
        0.06610493, -0.05565145, -0.21010123,  0.45293492, -0.08604085],
      dtype=float32), 'cormac_mccarthy': array([-0.00143914,  0.01294004, -0.15087225, -0.07264316, -0.05637126,
       -0.00182743,  0.00969166, -0.11030035,  0.02266943, -0.12515512,
        0.05911251, -0.01659017,  0.01742863,  0.06316588, -0.03705898,
        0.03135855, -0.01845769, -0.0528256 ,  0.07458297, -0.02394462,
        0.07251632, -0.06176969, -0.06670509,  0.07752503, -0.11944246,
       -0.12741083,  0.2669617 ,  0.04867394, -0.15068908, -0.03606188,
        0.00284241,  0.03498834, -0.15960972,  0.00116294,  0.01760492,
       -0.06044734,  0.05006345,  0.00754712, -0.06239033, -0.02735821,
        0.13257562,  0.23302916,  0.12905455, -0.10662828,  0.16747494,
        0.04544139,  0.0092589 , -0.04978817,  0.15708698,  0.05166603],
      dtype=float32), 'the_last_of_the_mohicans': array([ 0.016339  ,  0.05094631, -0.00808272, -0.03214296, -0.0891455 ,
       -0.11652279,  0.05243053,  0.10548812, -0.09675587, -0.05493929,
       -0.10307074,  0.1602736 ,  0.06682704, -0.11683094,  0.05105045,
        0.05071213, -0.10945651, -0.14858373,  0.1136758 ,  0.00339503,
       -0.24683149, -0.03113064, -0.04936216,  0.04220236, -0.09954677,
       -0.06970945, -0.11089575, -0.06527325,  0.23615324, -0.07792149,
        0.1110502 ,  0.0327926 ,  0.07090043,  0.14356022,  0.15819936,
        0.1403979 ,  0.03670316, -0.07254058, -0.09864761, -0.28534633,
       -0.08081   , -0.03703166,  0.13738643,  0.14980713,  0.09651825,
        0.02218373, -0.13209353, -0.03527229,  0.03679495, -0.14155662],
      dtype=float32), 'an_american_tragedy': array([-0.10909759, -0.09703507, -0.12190438, -0.02678965,  0.04065648,
        0.12013501,  0.08637494, -0.2604386 ,  0.01063004,  0.12288815,
        0.03911452,  0.08648366,  0.03754079, -0.01932244, -0.17392913,
        0.19720939, -0.19496882,  0.16644603, -0.1482521 ,  0.19592932,
        0.1730532 ,  0.08842159, -0.15961826,  0.07779599, -0.01232448,
        0.02339719, -0.02101267,  0.05267272, -0.18290487,  0.04119909,
        0.11087964, -0.14189388,  0.03822295, -0.07573106, -0.12081141,
       -0.03243934,  0.06107421, -0.07544174,  0.30388775,  0.20227103,
       -0.18154164, -0.00172312,  0.03815066,  0.00808528, -0.02962921,
        0.02620329, -0.01809845,  0.17991894, -0.05906324,  0.13538231],
      dtype=float32), 'pbs': array([ 0.07032383,  0.10510565,  0.01678457,  0.00689133,  0.10762647,
       -0.00078588,  0.07349243,  0.05365778, -0.04878631,  0.01890187,
       -0.02333084, -0.07370213, -0.02438065, -0.3559682 ,  0.08269217,
       -0.2046779 ,  0.09196454,  0.02479549,  0.01356835, -0.14812706,
       -0.27290612, -0.1065688 , -0.03690887,  0.09120317, -0.04874036,
       -0.07315263, -0.15612362, -0.12907393,  0.11933739,  0.04015743,
        0.08065072,  0.02786213, -0.14395878,  0.07737902, -0.10547584,
        0.00419093, -0.03663669, -0.0756267 , -0.00908766, -0.07024989,
       -0.10784461, -0.16217047,  0.22508413, -0.08001427, -0.00863222,
        0.09789293,  0.07616617, -0.04833727,  0.04326671, -0.02738401],
      dtype=float32), 'don_delillo': array([-0.06747311,  0.11026996,  0.14841408, -0.09430572,  0.03688881,
        0.0812385 , -0.0186867 ,  0.11594757, -0.04942718,  0.1322814 ,
       -0.01829733, -0.14565077, -0.06364605,  0.09965097,  0.08518633,
        0.04561427,  0.01591625, -0.09240855, -0.10313191, -0.19255109,
        0.08860079, -0.18851194,  0.16260515, -0.06108005,  0.05127166,
        0.22535846,  0.02187597,  0.04466358,  0.10234132,  0.07324968,
       -0.07282068,  0.11371072, -0.09056631, -0.13660385,  0.07569443,
       -0.00689046, -0.04575816,  0.03990143, -0.07540207,  0.17741542,
       -0.04846284,  0.04302434,  0.10808049, -0.1497775 ,  0.06970889,
       -0.07450966, -0.08349547, -0.13729385, -0.1304719 , -0.11550156],
      dtype=float32), 'novel': array([ 0.29694283,  0.00363171,  0.32909545,  0.11803741, -0.12543103,
       -0.17433436, -0.09466472,  0.17209594,  0.02623166, -0.2929667 ,
        0.0531418 ,  0.06581903, -0.0630288 , -0.24692187,  0.11356681,
        0.01836377,  0.09705263, -0.14488243,  0.1296669 , -0.01204378,
       -0.12881403,  0.00511644,  0.07530663,  0.13066259, -0.17749926,
        0.14424637, -0.06794541,  0.0333086 ,  0.17479764, -0.00405087,
       -0.0367863 ,  0.07615731, -0.09515154,  0.28565964,  0.23198646,
        0.21100906, -0.01319012, -0.13059735, -0.12810719, -0.32340068,
       -0.06945805,  0.04424078,  0.06988734,  0.04426444, -0.18293329,
       -0.1087296 , -0.00498243, -0.09726582,  0.27680072,  0.07483781],
      dtype=float32), 'john_updike': array([ 0.01332469,  0.1014201 , -0.01028025,  0.06615407,  0.00188779,
       -0.12553303,  0.02020795,  0.13154499, -0.06200262, -0.0878814 ,
       -0.17992546,  0.03581271, -0.12225217,  0.08840467,  0.07075902,
        0.01757508, -0.00211877,  0.00523298, -0.0007063 , -0.11792444,
       -0.05882782, -0.11356925, -0.08090975,  0.02501879,  0.00773678,
        0.10528307, -0.09924062,  0.0627929 ,  0.11587163, -0.06958403,
        0.0829731 ,  0.09778207,  0.05340648, -0.08317904,  0.10555468,
        0.05216862, -0.15605792,  0.0236454 , -0.09086964, -0.01324685,
       -0.18700786, -0.10099309, -0.05121299, -0.16810673,  0.0657191 ,
       -0.10942496,  0.07864403,  0.01083416, -0.06166349, -0.10281363],
      dtype=float32), 'fantastic_four': array([-0.07057466,  0.05807506,  0.22385338,  0.14838082,  0.22917597,
        0.23785497,  0.10521936,  0.08862109, -0.06920089, -0.04996415,
        0.07828533,  0.16462018, -0.00360698, -0.24658294, -0.10493736,
       -0.29011813,  0.10345352,  0.15259333, -0.04499455, -0.27681428,
       -0.25415313, -0.0361168 , -0.04741544,  0.13637187,  0.04708828,
       -0.02372227, -0.08399685,  0.16175213,  0.29392564, -0.03062502,
       -0.11942407,  0.0385165 ,  0.05293296,  0.06510206, -0.17234042,
        0.14436288,  0.13866596, -0.11716425, -0.21173151,  0.04549272,
        0.14893787,  0.07369751,  0.18540268,  0.03843985,  0.10988342,
        0.22337462, -0.1315013 , -0.04388167,  0.1558803 , -0.0374999 ],
      dtype=float32), 'american_literature': array([ 0.01974525,  0.09677237,  0.19317421,  0.08293499, -0.0333418 ,
       -0.10287876, -0.08978008,  0.24084903, -0.19923832, -0.13992973,
       -0.21761952,  0.11555627, -0.13035215, -0.12545191,  0.04588782,
       -0.22131059, -0.01177757, -0.16611932,  0.04256322, -0.14823121,
       -0.38473582, -0.25651085,  0.13679773,  0.06464988, -0.14424977,
        0.22435443, -0.19072315, -0.04549247,  0.28004062, -0.23808618,
        0.00217777,  0.05040227,  0.07721906,  0.18152781,  0.17547214,
       -0.0341363 ,  0.02811887,  0.04769732,  0.05008748, -0.28041044,
       -0.19172394,  0.19466236,  0.02765632, -0.07215525,  0.06048945,
        0.04132747,  0.08879781, -0.22346908,  0.01930774, -0.03051493],
      dtype=float32), 'jack_kirby': array([-0.01209741,  0.16829167,  0.10012513,  0.09230045,  0.06430862,
        0.12024827,  0.05147865,  0.2102331 , -0.02006083,  0.03678751,
       -0.10674791,  0.08607958, -0.09729094, -0.12031432,  0.03333298,
       -0.19454902,  0.10578768, -0.08089159, -0.10362672, -0.00130501,
       -0.15871179, -0.02451955,  0.14098921,  0.12640741,  0.0050879 ,
        0.01309871, -0.09218885, -0.00234211,  0.16310331, -0.09795839,
        0.11790407,  0.05469295,  0.10504943,  0.17208597, -0.02119911,
        0.02675932,  0.05015057, -0.04915191, -0.08721741,  0.10405159,
        0.01951084, -0.04851641,  0.18263865,  0.08818937,  0.1791287 ,
        0.01062779,  0.11129464, -0.07940048,  0.08366173, -0.0497788 ],
      dtype=float32), 'richard_rodriguez': array([ 3.47060598e-02, -1.00871865e-02, -1.17692195e-01, -1.07852669e-04,
       -3.65004269e-03, -3.64414304e-02, -1.01085536e-01, -1.04012847e-01,
        4.69805077e-02,  2.62228679e-02,  2.14667425e-01, -3.38283740e-02,
        2.00117379e-01, -1.10431969e-01, -9.61832181e-02,  8.65746066e-02,
       -4.61113080e-02,  9.95768830e-02, -1.45592317e-01,  1.19760945e-01,
        2.00679347e-01,  2.94054240e-01, -2.88113296e-01, -1.17782027e-01,
       -8.18430260e-02, -2.60579944e-01,  1.20643161e-01,  3.13789658e-02,
       -2.35218689e-01, -1.42830923e-01,  7.97734857e-02, -3.42576578e-02,
       -7.52655091e-03, -2.49096975e-02,  5.97860627e-02,  1.22396974e-02,
       -1.12172388e-01,  1.34641618e-01,  1.17999911e-01,  1.11989073e-01,
       -1.67384118e-01, -2.45651856e-01, -4.28088270e-02, -8.51810798e-02,
       -2.41053943e-02,  7.58180246e-02, -1.38825163e-01,  2.43197039e-01,
       -1.97112039e-01,  6.80680294e-03], dtype=float32), 'gone_with_the_wind_(novel)': array([-0.06668078,  0.03408324,  0.25762868, -0.15181632,  0.10116121,
        0.08643595,  0.1922068 ,  0.01218212, -0.15534763,  0.11273792,
       -0.0779489 , -0.14346913, -0.0532335 , -0.12436218,  0.30330935,
        0.10162842,  0.19802377, -0.06179787, -0.00656606, -0.10994314,
       -0.03622125, -0.30886167,  0.20918478, -0.18749656,  0.07978225,
        0.15951963, -0.09953268,  0.06786302,  0.10860877,  0.2003565 ,
       -0.17377687,  0.28108928, -0.12088342, -0.09021463,  0.01152845,
        0.07584997,  0.10500281, -0.15306138, -0.2732196 ,  0.07962955,
        0.16984361,  0.08582341, -0.35625586,  0.00327166,  0.01491839,
       -0.24041931,  0.01201649, -0.38372663,  0.00586999,  0.08692081],
      dtype=float32), 'national_epic': array([ 0.02855219,  0.06705533, -0.26570898, -0.1158336 , -0.06864228,
       -0.00377212, -0.06231898, -0.21807045,  0.23850507,  0.05479731,
        0.07213092, -0.04505175,  0.03722529,  0.13691276, -0.07090126,
        0.06571823, -0.31086874,  0.10153081,  0.04834859,  0.07555446,
        0.31931284,  0.2750306 , -0.11431299, -0.0827856 ,  0.08183827,
       -0.12395594,  0.09971704, -0.17460127, -0.33058894,  0.05807545,
        0.09103412, -0.2993256 ,  0.12345078, -0.18963799,  0.04830111,
       -0.05328711,  0.041593  ,  0.1168333 ,  0.15200438,  0.07059838,
        0.04919264, -0.14172266, -0.18822189, -0.00064787,  0.12423113,
        0.15150174,  0.01090627,  0.18880166, -0.05257225, -0.01820468],
      dtype=float32), 'thomas_pynchon': array([-0.10492881, -0.00580542,  0.07776878, -0.09557135, -0.0643112 ,
       -0.13721643, -0.15215199, -0.06001743,  0.01959165, -0.04188073,
        0.02181356,  0.05237086,  0.09117558,  0.06430726,  0.04865961,
       -0.1254664 ,  0.14803013, -0.01995688, -0.00166905, -0.09311211,
       -0.05539754, -0.08500197,  0.18229662, -0.11666165, -0.01710964,
        0.0866387 ,  0.06675261,  0.06755343,  0.03431755, -0.1434214 ,
       -0.088706  , -0.00231897, -0.08895168,  0.08941242,  0.04303582,
       -0.01634925,  0.1438552 ,  0.04629692, -0.02311666, -0.05163688,
        0.01461392,  0.00223401,  0.11632913, -0.1603781 ,  0.09198479,
        0.00203187, -0.07017577, -0.23106632, -0.00422346, -0.10674302],
      dtype=float32), 'mark_twain': array([ 0.14357172,  0.20152262, -0.07253473,  0.26313972,  0.16816929,
       -0.11002566, -0.15523249,  0.34105027, -0.14511934, -0.09684013,
       -0.01689984, -0.01229294,  0.00107249, -0.09242285,  0.002149  ,
        0.06877936,  0.17064627, -0.14740656, -0.15178326,  0.14833045,
       -0.23098001,  0.09102838, -0.04780134,  0.21712513, -0.04886611,
        0.18937537, -0.06913667,  0.06139985,  0.31950796, -0.11011569,
       -0.21561301,  0.10201471, -0.13577197,  0.18285957, -0.04269918,
        0.16753235, -0.06445246, -0.00753758, -0.26787966, -0.10422508,
        0.00759786,  0.05411929,  0.12497275, -0.2709755 ,  0.10154312,
       -0.05230774,  0.07534339,  0.08322018,  0.07598111, -0.04350023],
      dtype=float32), 'james_fenimore_cooper': array([ 1.36773303e-01, -4.65425365e-02,  1.15108714e-01,  4.76896204e-02,
        1.02856815e-01, -5.35654053e-02, -3.98828462e-02,  1.14119984e-01,
       -2.30706871e-01, -9.83911902e-02, -1.85253203e-01, -2.09758946e-04,
       -7.71448668e-03,  1.32954782e-02,  3.24461348e-02, -1.71998560e-01,
        1.80127203e-01, -1.60320029e-01,  6.11960422e-03,  4.68208417e-02,
       -3.16769443e-02, -6.67089671e-02,  1.21079251e-01,  6.53969496e-02,
        7.26335570e-02,  1.26797616e-01,  4.08420973e-02,  1.64975658e-01,
        1.52334630e-01, -2.65608244e-02, -6.54157400e-02, -1.40788540e-01,
       -8.06163624e-02, -5.27931638e-02,  5.50895706e-02, -1.34716993e-02,
       -1.92869827e-02,  3.35733555e-02, -8.61984491e-02, -1.09912485e-01,
        1.19338900e-01, -5.42347506e-02,  5.87777346e-02, -2.30275486e-02,
        1.53538972e-01,  2.71439087e-02,  1.55586377e-01,  3.81948575e-02,
        1.13755621e-01,  8.79674871e-03], dtype=float32), 'american_masters': array([-0.20244272, -0.04463101, -0.31266844, -0.1379535 , -0.10575602,
       -0.11121459,  0.05426724, -0.2792012 ,  0.0456972 ,  0.01435829,
        0.19150183,  0.11416215,  0.09534203, -0.07959562, -0.26330957,
        0.12298588, -0.36380696,  0.07294592,  0.0628546 ,  0.22397624,
        0.45827514,  0.23929273, -0.16029064, -0.02729561,  0.11809591,
       -0.05263628, -0.04540952, -0.18551105, -0.4241907 ,  0.03325272,
       -0.02870077, -0.17971823,  0.1386367 , -0.17110048, -0.16448122,
       -0.26657775, -0.22698125,  0.09015989,  0.33049205,  0.1913482 ,
        0.04586921, -0.13556096, -0.03160832,  0.13452487,  0.0648322 ,
        0.05856802, -0.17122026,  0.41760722, -0.09419023,  0.01354336],
      dtype=float32), 'toni_morrison': array([-0.01458976,  0.01500143, -0.14593644, -0.03197527,  0.09158191,
        0.04848685, -0.08521359, -0.10632271, -0.05965835,  0.11753819,
        0.10978808,  0.01501479,  0.05822003,  0.08425552,  0.09580601,
        0.08446294,  0.14539775,  0.14282863,  0.11231072, -0.04155769,
       -0.06736461, -0.12714438,  0.12176232, -0.00374792, -0.01887983,
        0.08191376, -0.02754565,  0.01753349, -0.09283116, -0.0622341 ,
        0.1249316 ,  0.13257024, -0.0089459 , -0.07413746, -0.02769247,
       -0.01923097, -0.06197162, -0.13053785,  0.12608221,  0.22145955,
        0.08035062,  0.01204386, -0.04189653, -0.14360239,  0.01113186,
       -0.11004609,  0.16894446,  0.04534821, -0.08984063, -0.01560965],
      dtype=float32), 'the_american_scholar': array([ 3.35491262e-02, -4.46168296e-02, -2.69902766e-01, -1.74705967e-01,
       -1.81207627e-01,  8.94926265e-02,  3.03181484e-02, -2.84262210e-01,
        1.07597187e-01,  2.08929554e-01,  8.67276341e-02,  1.41775738e-02,
        2.10919723e-01, -7.06813019e-03, -2.38349721e-01,  2.76008427e-01,
       -2.61107743e-01,  3.82689349e-02, -3.40145975e-02,  1.20503969e-01,
        5.23618817e-01,  2.92531699e-01, -3.81825924e-01, -2.07507178e-01,
       -2.94081457e-02, -3.05270195e-01,  9.02027190e-02,  8.62093568e-02,
       -3.66719514e-01, -1.61874220e-01,  1.24075152e-01, -2.03559801e-01,
       -1.28211509e-02, -2.79853463e-01,  1.67351833e-03, -8.78741592e-02,
       -2.58264124e-01,  1.57005057e-01,  2.29585454e-01,  1.80129662e-01,
       -1.38872087e-01, -2.60101587e-01, -2.05089480e-01,  1.05809115e-01,
       -2.44695751e-04,  1.67991221e-02, -1.20671220e-01,  2.93342024e-01,
       -9.40545201e-02,  1.16396666e-01], dtype=float32), 'philip_roth': array([-0.07894079,  0.02488507,  0.03272112,  0.02734136, -0.04235942,
       -0.10024703,  0.06384011, -0.01134461, -0.04670679, -0.06219105,
       -0.06218606,  0.0843963 ,  0.12368382, -0.11130613, -0.04030087,
        0.0812047 , -0.04059249,  0.08248077,  0.0799363 , -0.08857881,
        0.11914322,  0.00944584,  0.04852278, -0.06364484, -0.14041206,
       -0.05614038,  0.0862383 , -0.02673257,  0.06363903,  0.03591414,
       -0.12467582,  0.10608997, -0.03469673, -0.11381269, -0.0565617 ,
        0.11126322,  0.07870626,  0.09159647,  0.00821523,  0.05069621,
        0.09896373, -0.08649912, -0.03944912, -0.05923984,  0.10899831,
        0.0451151 , -0.01764137,  0.10738646,  0.08344187,  0.04926873],
      dtype=float32), 'to_kill_a_mockingbird': array([ 0.07086979,  0.08441915,  0.34483734,  0.03444967,  0.00512877,
        0.13706219,  0.12431127, -0.03264791,  0.02213658,  0.00163841,
       -0.18906167,  0.03403113,  0.05096843,  0.04553242,  0.2786254 ,
       -0.04420353,  0.02719438, -0.03995436,  0.00404423, -0.03731895,
       -0.11444446, -0.12892525,  0.3910667 , -0.00815889,  0.07183094,
        0.15787016,  0.11738333,  0.05282645, -0.11362741,  0.00530472,
        0.01404372,  0.2450081 , -0.04355222, -0.19879787, -0.10644661,
        0.02151042, -0.0285113 , -0.16745864, -0.29411647,  0.1588655 ,
        0.11585336, -0.0240677 , -0.19268668,  0.04068147,  0.1600943 ,
       -0.12169719, -0.07829872, -0.39954466, -0.07575712,  0.20954141],
      dtype=float32), 'f._scott_fitzgerald': array([ 0.05826911,  0.04744776, -0.08436801,  0.11335988, -0.10987442,
        0.03837147,  0.0432153 , -0.10011201, -0.03470305,  0.15407573,
        0.11394404, -0.02743164, -0.07142876,  0.11919543,  0.08016623,
        0.05640905,  0.06339053,  0.04522203,  0.08194627, -0.05839279,
        0.07403738,  0.05131514,  0.1375616 , -0.13332956, -0.00042822,
        0.10566578,  0.09301708,  0.09922735,  0.02462569,  0.1268506 ,
       -0.1583537 ,  0.0470247 ,  0.14954674, -0.14264917, -0.15933126,
       -0.01555048, -0.01666697,  0.0389946 ,  0.04512559,  0.11784367,
        0.00694219,  0.13382053,  0.13753407, -0.11237232,  0.03256692,
       -0.02015094,  0.02048956, -0.17472106,  0.12888117, -0.05104677],
      dtype=float32), 'margaret_mitchell': array([-0.03547201,  0.19130175,  0.06858598, -0.05450903,  0.02304757,
        0.08163945,  0.1523969 ,  0.09359493,  0.02451491,  0.08065792,
        0.10869306,  0.10282787,  0.00712974, -0.11583823,  0.03235819,
       -0.17772958,  0.16907021, -0.14414938,  0.09648717, -0.03167487,
       -0.16601704, -0.04392861,  0.00034647,  0.03277095, -0.04554524,
        0.16300634,  0.16041335,  0.00850705,  0.01803917,  0.06769507,
       -0.06462481,  0.13674223,  0.06131206,  0.04355126, -0.15785447,
        0.10396997,  0.08522335, -0.08515728,  0.08126929,  0.26940173,
        0.14851245,  0.04209339,  0.17043227,  0.07238318, -0.00269636,
        0.11845399,  0.07375506, -0.09264966,  0.17183334,  0.0602231 ],
      dtype=float32), 'stan_lee': array([-0.09889012,  0.17307687,  0.11754633,  0.03035775, -0.00596679,
       -0.09427813,  0.02140361,  0.15715548,  0.08609196,  0.07038092,
       -0.05120672, -0.01016272,  0.0484157 , -0.22942244, -0.02778182,
       -0.28395504,  0.04485226, -0.04642943, -0.01407569, -0.07424802,
       -0.22067177,  0.09632228, -0.16127957,  0.09773929,  0.13603494,
        0.20853041, -0.07297496, -0.00091757,  0.14119948, -0.05267277,
       -0.04756456,  0.00867174,  0.09821704,  0.11777119,  0.0136506 ,
        0.02176123,  0.01628625, -0.03173803, -0.02279864,  0.07598124,
        0.077994  ,  0.1171819 ,  0.3350816 , -0.047192  ,  0.16001171,
        0.20248514, -0.12382504, -0.10206416,  0.21212484, -0.12314094],
      dtype=float32), 'lolita': array([ 0.15368527,  0.08314295,  0.21955696, -0.09939321, -0.00707411,
        0.08451894,  0.22551224,  0.08882146,  0.13359411, -0.10422039,
        0.04094954, -0.09093778,  0.08017874,  0.16973718,  0.1544235 ,
        0.25276557, -0.02249173, -0.0466114 ,  0.01515257,  0.09740325,
        0.04314356, -0.02290277,  0.17445306, -0.12635078, -0.14521697,
        0.01295075,  0.23754534,  0.14386016, -0.22043748,  0.01160051,
        0.10282764,  0.07465557, -0.11579955, -0.23152038,  0.05190656,
        0.20103122,  0.08110373, -0.15889633, -0.14475846,  0.03022775,
       -0.01994908, -0.05472581, -0.2084371 ,  0.07324703,  0.09761446,
        0.00721274, -0.03496344, -0.25981194, -0.13271357,  0.26089877],
      dtype=float32), 'vladimir_nabokov': array([ 0.08113381, -0.00304183,  0.07941642,  0.01816814,  0.0588149 ,
       -0.03376831, -0.00447207,  0.11216198, -0.10876735, -0.15468541,
       -0.1609257 , -0.00994726, -0.06900392,  0.1172462 ,  0.1135451 ,
       -0.09659889,  0.13161205, -0.12667125,  0.08462677, -0.00181862,
       -0.03309104, -0.01318318,  0.09605224, -0.04441472, -0.1292046 ,
        0.2310053 , -0.10232237, -0.1198638 , -0.04857758,  0.08082929,
        0.06049059, -0.04097904,  0.16003312, -0.05854747,  0.1810235 ,
        0.04850164, -0.13167167, -0.01037503,  0.07909835,  0.0644485 ,
       -0.05682706,  0.12681425,  0.05814091, -0.08233278, -0.05996141,
        0.00645367,  0.15841131,  0.0246539 ,  0.08264109, -0.08502446],
      dtype=float32), 'nathaniel_hawthorne': array([-1.3088113e-01, -2.5208727e-03, -6.9388874e-02,  1.5959664e-01,
        1.4237572e-01, -1.5076810e-01, -3.1436287e-02,  7.7395678e-02,
       -1.7423739e-01,  9.3133356e-03, -7.3285783e-03, -4.2689068e-04,
        6.5396428e-02, -2.2067186e-01,  1.2931978e-02, -4.6913829e-03,
        1.3382877e-01, -1.3297227e-01,  4.1806597e-02, -4.4815648e-02,
       -1.1776390e-01, -3.1621311e-02,  1.5545331e-01,  1.3154289e-01,
       -1.0479152e-01, -5.4724362e-02,  4.2743761e-02, -5.9934780e-02,
        4.0487316e-02, -1.2528358e-01, -4.1719005e-02, -5.3153560e-02,
        8.5423000e-02, -1.0384793e-02, -9.6117012e-02, -5.0862499e-02,
        5.3116199e-02, -6.6351771e-02, -1.4274978e-04, -2.9721862e-02,
        2.1079727e-02,  1.5306234e-01,  3.5169844e-02, -2.5443324e-01,
        1.1802091e-02, -6.8154663e-02, -7.3364474e-02,  5.0007530e-02,
        2.0629169e-01, -1.4228985e-01], dtype=float32), 'moby-dick': array([ 0.19269101, -0.02572712,  0.13461216,  0.04984738,  0.01751194,
       -0.08800238, -0.08535827,  0.25457284, -0.10666291, -0.1737128 ,
       -0.1129933 , -0.03932199, -0.20739259,  0.12702863,  0.23691316,
        0.12320066,  0.21621948, -0.18365988,  0.00796726,  0.00732236,
       -0.27234086, -0.15066017,  0.19507937,  0.13161545, -0.01842945,
        0.15121175, -0.24489506,  0.06216093,  0.0644592 , -0.11007267,
        0.06444432,  0.18371862, -0.24726753,  0.15091468,  0.13704947,
        0.10129356, -0.02168635,  0.01696806, -0.07998739, -0.39430436,
       -0.1794519 , -0.17443836, -0.11076612,  0.16788188, -0.08206275,
       -0.14502342, -0.00536254, -0.20249508, -0.10326079,  0.09050993],
      dtype=float32), 'native_son': array([ 0.15501425,  0.02943576,  0.23805006,  0.2142339 , -0.18107197,
       -0.00480349,  0.08230319,  0.02295073,  0.08540789,  0.07040472,
       -0.10820094, -0.12991369, -0.08249497,  0.12037464,  0.10540234,
        0.20534691,  0.27159056, -0.06738553, -0.08804499,  0.07698346,
        0.06653304, -0.23711933,  0.09576464, -0.16254006, -0.05776158,
        0.06258681,  0.23004107,  0.06439134,  0.09030046,  0.11896179,
       -0.20542237,  0.20909053,  0.04790704, -0.13378686, -0.04794445,
        0.08383375, -0.1525351 , -0.13153689, -0.05449951,  0.29457253,
        0.1566163 ,  0.11885364,  0.05224173, -0.01185933,  0.07127681,
       -0.17015634, -0.00707164, -0.22018066, -0.02032327,  0.15788585],
      dtype=float32), 'a_farewell_to_arms': array([ 6.04257472e-02, -2.77271196e-02, -1.08226009e-01, -1.29249498e-01,
       -3.23384963e-02,  2.25848742e-02,  1.56527355e-01,  7.64448196e-02,
       -5.90517707e-02,  1.75521374e-01,  1.19347751e-01,  1.19086727e-01,
        7.64862001e-02, -6.76591098e-02, -8.09758753e-02, -1.91478408e-04,
        1.56752896e-02, -7.61282397e-04,  7.03233629e-02, -5.06606884e-02,
        1.80774331e-01,  5.12696654e-02, -1.79156978e-02, -1.10627525e-01,
        8.94707143e-02, -6.29449636e-02,  9.36678350e-02, -8.31486881e-02,
       -1.04931526e-01,  6.57824948e-02,  7.36238211e-02, -2.06457272e-01,
        5.21232635e-02,  2.32131463e-02, -1.35270223e-01, -7.05753081e-03,
        3.39969471e-02,  4.54516560e-02,  1.35453567e-01,  2.03379422e-01,
        5.38778771e-03,  2.37725582e-02,  3.36996242e-02, -5.97093701e-02,
        1.07937574e-01, -4.13005762e-02, -8.29996392e-02,  6.52915239e-02,
        1.29551813e-01,  8.01594257e-02], dtype=float32), 'the_grapes_of_wrath_(film)': array([-0.1099667 , -0.04365183,  0.10865711, -0.0858207 , -0.07174107,
        0.10130928, -0.02829806,  0.0481918 , -0.08766737, -0.03446089,
       -0.00721512,  0.00657565,  0.00564887, -0.07055707, -0.10685102,
       -0.09476094,  0.04979929,  0.10073396,  0.11204386,  0.08418362,
       -0.14750059,  0.07269763,  0.03886486,  0.13201618,  0.11618854,
       -0.04119008, -0.16186833,  0.02816557,  0.07471477,  0.1324855 ,
       -0.09308334,  0.03415662,  0.09334734,  0.11940207,  0.11157814,
       -0.00307986,  0.02731104,  0.11381847, -0.12594536, -0.09940128,
        0.0341177 , -0.03505787, -0.04412044,  0.08282208,  0.06290076,
       -0.01448527, -0.0486817 ,  0.12297527,  0.04994576, -0.0460815 ],
      dtype=float32), 'the_catcher_in_the_rye': array([ 0.14195122, -0.05835966,  0.14653623, -0.14368844, -0.21828109,
        0.02964447, -0.02806145,  0.1382575 ,  0.03438892,  0.14447404,
        0.07198343, -0.12414194, -0.07611744,  0.28032896,  0.13633537,
        0.18853585, -0.06140134,  0.05196052,  0.00733075, -0.03831099,
       -0.02995305,  0.09213855, -0.03925006, -0.23706207, -0.12196506,
        0.23466648,  0.00040299, -0.06434718,  0.07929811,  0.1362144 ,
       -0.16982242,  0.1336624 ,  0.05954828, -0.21251236,  0.03185437,
        0.19089732, -0.01453792, -0.18558873,  0.00148819,  0.09540809,
        0.02544674, -0.10081689,  0.08081473,  0.06205634, -0.14427254,
        0.01759673,  0.02751173, -0.07578668, -0.15319404, -0.03524734],
      dtype=float32), 'great_american_novel': array([-0.0404885 , -0.17135245, -0.27513754, -0.21194787,  0.01799235,
        0.16645887,  0.11028802, -0.2162237 ,  0.2170501 , -0.003413  ,
        0.18524303, -0.13407709,  0.05486184,  0.12735431, -0.17190018,
        0.15128565, -0.14732462,  0.19562997,  0.09445255,  0.19892699,
        0.2450415 ,  0.16055264, -0.28354943, -0.00952483, -0.01750815,
       -0.12335213, -0.03109131,  0.03566336, -0.37722927,  0.02422516,
        0.14808497, -0.18103027, -0.01997877, -0.11953625, -0.17628375,
       -0.21497373, -0.08495877,  0.24183027,  0.3234723 ,  0.13130242,
        0.02195764, -0.2624471 , -0.14966255,  0.1600455 , -0.13145241,
       -0.03943134, -0.07882065,  0.3885886 , -0.10490748, -0.00273416],
      dtype=float32), 'j_r': array([-0.1531274 , -0.11909901, -0.25954118, -0.12292533,  0.04356493,
        0.06315567, -0.09325259, -0.2510247 ,  0.16538998,  0.04380668,
        0.01196161,  0.05783601,  0.08869649, -0.06093867, -0.19027475,
        0.18575881, -0.03673821, -0.05823364, -0.09401581,  0.15140402,
        0.32912108,  0.01896753, -0.08242185, -0.0227814 ,  0.13997197,
       -0.10289705, -0.0266543 ,  0.01992734, -0.24082825, -0.03104914,
       -0.00941594, -0.20047666,  0.1768816 , -0.04263811, -0.14050667,
       -0.04274262, -0.18396525, -0.09789603,  0.08184747,  0.1480302 ,
       -0.01479802, -0.15109712, -0.11901177,  0.16121428,  0.07096417,
       -0.01222145, -0.01889291,  0.14344247, -0.22074574,  0.0412961 ],
      dtype=float32), 'the_great_gatsby': array([ 0.08836278, -0.083335  , -0.01491051,  0.04349435,  0.15437657,
        0.12873448,  0.00263361,  0.05389985, -0.05482298, -0.16642222,
       -0.16438065,  0.0985854 , -0.03673533,  0.13433105, -0.04088984,
       -0.04209524, -0.04950384, -0.12871355, -0.07829496, -0.16354474,
       -0.16421261, -0.11360046,  0.16619097, -0.0142143 ,  0.01969975,
       -0.07103498, -0.03898315,  0.01587391,  0.08955264,  0.05085249,
       -0.08821546, -0.00902862,  0.12292997, -0.02816001,  0.02926105,
        0.12966952, -0.05234253, -0.17125663,  0.07517491, -0.12569211,
        0.02677652,  0.03635779, -0.1454393 , -0.00543566, -0.18764046,
       -0.07267353, -0.08200739, -0.0267708 , -0.08089665,  0.10339513],
      dtype=float32), 'western_canon': array([-0.14920914, -0.1186543 ,  0.22958264, -0.08101537, -0.00556569,
       -0.07093821,  0.00222238,  0.07639956, -0.22335625, -0.05615732,
       -0.11172757,  0.1449733 ,  0.03104871, -0.01340283, -0.01335195,
        0.03014426,  0.21742596,  0.03793824,  0.19295734, -0.18379141,
       -0.22606292, -0.34302703,  0.08620197, -0.07002755,  0.15878937,
       -0.01969541, -0.22915983,  0.0224287 ,  0.03008366, -0.0892148 ,
        0.2153982 , -0.03413624, -0.08138593,  0.20989786,  0.12654571,
       -0.11245783,  0.12576587,  0.04855374, -0.20873688, -0.08386444,
       -0.05334083,  0.09441138, -0.05995229, -0.12638032,  0.11981386,
        0.01048698, -0.03981789, -0.2542767 ,  0.09127865,  0.05596907],
      dtype=float32), 'david_foster_wallace': array([-0.02120881, -0.02261918, -0.13671516, -0.05297785,  0.12190519,
        0.01708743,  0.17625856, -0.08044861,  0.08611737, -0.08685092,
       -0.08303525,  0.02244761,  0.00986915, -0.05265317, -0.12385975,
       -0.09666362, -0.04278078,  0.04244538, -0.0324286 ,  0.10381791,
       -0.04504479, -0.03757397, -0.0458145 , -0.05555516,  0.02998593,
        0.03961524,  0.04023971,  0.02227791,  0.05611036, -0.09508666,
       -0.15350266, -0.18172005, -0.01373912, -0.00552046,  0.0606921 ,
       -0.09422316,  0.05135151, -0.11444536,  0.10511496,  0.01332514,
       -0.02551094,  0.02734146,  0.14174542, -0.05283663,  0.07808121,
        0.15709478,  0.05518096,  0.1860137 ,  0.05647505, -0.06286266],
      dtype=float32), 'fiction': array([-0.01401636, -0.09665402, -0.03337942, -0.16183096,  0.08273055,
        0.01203509, -0.1257017 , -0.15004784, -0.00327858,  0.0954202 ,
        0.00564894, -0.06415603, -0.05379688,  0.07196448, -0.10751031,
       -0.01743555, -0.17369783,  0.06334577,  0.03450408,  0.04866383,
        0.0833689 ,  0.02260371, -0.14823347, -0.08812886,  0.02040252,
       -0.00411118, -0.00905044, -0.19487031, -0.00207524,  0.04754038,
        0.06169115,  0.07902444,  0.1017278 ,  0.07310448,  0.11859486,
       -0.14888048, -0.00781169,  0.08774409,  0.16230896, -0.06398208,
       -0.06999893, -0.11222115, -0.1587079 ,  0.13755497, -0.09855223,
        0.14222996, -0.08521567,  0.0606165 ,  0.01990492, -0.09082488],
      dtype=float32), 'university_of_manchester': array([ 0.0192066 ,  0.09490311,  0.26350033, -0.00751748,  0.22548641,
       -0.13861705,  0.04760612,  0.0739053 , -0.31253275, -0.20643489,
       -0.18642524,  0.19659816, -0.19461077, -0.2611502 ,  0.10516516,
       -0.22826824,  0.08752806, -0.09235984,  0.18081303, -0.12605879,
       -0.15401383, -0.26331678,  0.21179576,  0.1606766 , -0.22449736,
        0.01876031, -0.44970167,  0.05467235,  0.28269026,  0.07221859,
       -0.02357019,  0.01635384,  0.006818  ,  0.3542731 ,  0.28859824,
        0.10169365,  0.08089909,  0.12063994, -0.15753452, -0.42103347,
        0.16613989, -0.12777342,  0.03007161,  0.03827655, -0.10676704,
        0.05111964,  0.02389336,  0.03938189,  0.11838397,  0.14542687],
      dtype=float32), 'american_english': array([-0.04580124,  0.01445537,  0.00285651, -0.0114391 ,  0.04667239,
       -0.27834487, -0.03361475,  0.05744033, -0.10090427, -0.08932356,
       -0.10168922,  0.14782579,  0.05454614, -0.09764887, -0.04140405,
       -0.00582967,  0.0093664 ,  0.04025164,  0.0263819 , -0.03887154,
       -0.1652927 ,  0.10768712,  0.00496201,  0.10226939, -0.10581181,
       -0.09776394, -0.15870053,  0.07070883, -0.02098552,  0.0012481 ,
        0.12770653, -0.15502308, -0.11098365,  0.17836098,  0.10022205,
        0.01676269,  0.14777893,  0.08429299, -0.06881486, -0.1309885 ,
       -0.06902978, -0.06146598, -0.02342934,  0.21919408, -0.06046144,
        0.11379884, -0.14439383,  0.05322171,  0.00262297,  0.07947516],
      dtype=float32), 'infinite_jest': array([ 0.02531531, -0.05146129, -0.00906488, -0.03616812, -0.07125407,
       -0.10142019,  0.05015568,  0.02334118, -0.02034253, -0.08703765,
       -0.13000618,  0.0093384 ,  0.00160425, -0.09929281, -0.06875437,
        0.02864676,  0.0469133 ,  0.036239  , -0.09644488, -0.01249519,
       -0.16486286,  0.06156664, -0.12990788,  0.10613811,  0.03816336,
       -0.13439545, -0.14124553, -0.02758346, -0.14938526,  0.07459214,
        0.04403228,  0.14552857,  0.01270399, -0.10697697, -0.11220518,
       -0.17358859,  0.12060502,  0.1486232 , -0.04569986, -0.02626023,
       -0.01053072, -0.01254574,  0.11059092,  0.2873197 ,  0.1049789 ,
        0.04637308,  0.02371677,  0.0174732 , -0.03935583, -0.04403422],
      dtype=float32), 'william_faulkner': array([-0.07233028, -0.0581964 ,  0.00804424, -0.06402064,  0.11590867,
        0.09427087, -0.01048296,  0.01363653,  0.0319051 , -0.0168833 ,
        0.05501692,  0.07968054, -0.08640921, -0.05638285, -0.03317473,
       -0.03827157,  0.07610787,  0.09946972, -0.04631771, -0.15036051,
       -0.01372632, -0.06489436, -0.10978924,  0.17344958,  0.03458606,
        0.1881456 ,  0.14954999,  0.01467869, -0.037095  , -0.09893536,
       -0.07064566,  0.10335775,  0.02072076, -0.05828991, -0.11466121,
       -0.11635143,  0.11010721,  0.08390464, -0.06363008,  0.17577967,
        0.11765876, -0.13375175,  0.00325792,  0.06388424, -0.03963648,
        0.08722197,  0.06185814, -0.07337679,  0.08341802, -0.01101167],
      dtype=float32), 'culture_of_the_united_states': array([ 0.03043224, -0.03212482,  0.44213888, -0.03224413, -0.07182502,
       -0.20616256, -0.09110519,  0.28136897, -0.12447002,  0.07122692,
       -0.3016509 ,  0.10444882, -0.11196658, -0.40698773,  0.07901751,
       -0.3856237 ,  0.15120111, -0.1266254 ,  0.03990007, -0.16805704,
       -0.35114008, -0.37697387,  0.31203216,  0.02490964,  0.04020087,
        0.01696887, -0.27055597, -0.07768853,  0.28147414,  0.11404067,
        0.05343785, -0.01483614, -0.16930217,  0.31152773,  0.15844528,
       -0.03872862,  0.22063382, -0.03776647, -0.07305875, -0.2285212 ,
        0.10611559, -0.01522324,  0.09602401,  0.11306574, -0.11135167,
       -0.02142951, -0.02090055, -0.39456275,  0.22561264,  0.06008023],
      dtype=float32), 'herman_melville': array([-0.02373079, -0.03985764, -0.12327427,  0.1845707 ,  0.04154729,
        0.04814384, -0.10762081,  0.26776975, -0.10407339, -0.23230787,
       -0.13674214,  0.04590747, -0.04053337,  0.12961948,  0.11289033,
       -0.00305857,  0.20059076, -0.1037237 ,  0.03235709, -0.07953941,
       -0.23758565, -0.12710036,  0.07246608,  0.13692093,  0.04161151,
        0.00457691,  0.12782966, -0.013458  ,  0.31260556, -0.21661384,
       -0.05857467,  0.03730957, -0.11817721,  0.11864822,  0.10232873,
        0.07941989, -0.14645495,  0.17904209, -0.10977183, -0.20363775,
       -0.0511753 ,  0.21290003,  0.19278553, -0.11468298,  0.10229344,
        0.00063588, -0.01112258, -0.26430517,  0.05086366,  0.02251435],
      dtype=float32), 'john_william_de_forest': array([-0.01840439, -0.17268728, -0.24099593, -0.19686791,  0.01010913,
       -0.06148412, -0.01671484, -0.2803997 ,  0.07593695,  0.08967254,
       -0.02792039, -0.11910381,  0.13128324, -0.02394913, -0.07395028,
        0.02963216, -0.07944828,  0.05027828,  0.07450619,  0.211875  ,
        0.31114066,  0.16077691, -0.13178873, -0.09595438,  0.13747142,
       -0.32324818, -0.09506361, -0.09274694, -0.12711385,  0.11153327,
        0.13215363, -0.285165  , -0.06572869, -0.09925129, -0.0648824 ,
       -0.05204357, -0.19408211,  0.13164093,  0.13872793,  0.20442362,
       -0.04702512, -0.17196459, -0.07827473,  0.07393289,  0.0197233 ,
        0.12275231, -0.1364401 ,  0.22537002, -0.13731353,  0.10555133],
      dtype=float32), 'literal_and_figurative_language': array([ 0.06608713,  0.0264143 , -0.13849816,  0.03759662,  0.03198516,
       -0.04723658,  0.08807415, -0.24238631,  0.26711303,  0.14390492,
        0.23700961, -0.11041557,  0.02716689,  0.18999061, -0.20334378,
        0.04232819, -0.09195723,  0.14998946, -0.1302485 ,  0.02769584,
        0.3270435 ,  0.16870442, -0.29868448,  0.05602077,  0.0606772 ,
       -0.06823588, -0.01701222, -0.07320758, -0.2419168 , -0.06194701,
       -0.0584251 , -0.16771054,  0.1678524 , -0.01871789, -0.17607321,
       -0.12829073,  0.0041094 , -0.02390002,  0.09434353, -0.02304721,
       -0.22811191, -0.20942226, -0.11078749,  0.11171015, -0.0362437 ,
       -0.05409557, -0.10430233,  0.23234111, -0.17122962,  0.12531744],
      dtype=float32), 'the_grapes_of_wrath': array([ 0.05780755,  0.1310154 , -0.01082105,  0.07762589,  0.07221866,
        0.00527041,  0.06126977,  0.0176376 , -0.03504056, -0.04617539,
        0.0708162 ,  0.00572801,  0.08241954, -0.15208311,  0.09007116,
        0.03567998,  0.00965012,  0.13808972,  0.05407915, -0.01062157,
        0.05276578,  0.10439148,  0.13941847, -0.0763701 ,  0.13192137,
       -0.09455688, -0.07104416, -0.00936408, -0.03903646,  0.04397838,
        0.10535737,  0.00183013, -0.10817367,  0.13284989, -0.12605317,
       -0.01436528,  0.11079468, -0.18614593, -0.05679105,  0.02641581,
       -0.11687309, -0.1284848 , -0.0387661 ,  0.1847035 , -0.02484871,
       -0.08798555,  0.08089323, -0.13344672,  0.04592568, -0.1461693 ],
      dtype=float32), 'invisible_man': array([-0.12610415, -0.10657602,  0.05310135, -0.05022767,  0.08108199,
       -0.13399583, -0.0052837 , -0.03407261,  0.012856  ,  0.06117238,
       -0.08443515,  0.02800099, -0.09545221,  0.03047765,  0.09902877,
       -0.05800252, -0.11355275,  0.10272183, -0.14459598, -0.02219971,
        0.1192181 ,  0.04557242, -0.05735026, -0.01309139,  0.0397591 ,
        0.0263468 , -0.05467675, -0.02478446, -0.09170101, -0.05298921,
       -0.001307  ,  0.05605224,  0.09689774, -0.14663936,  0.11876259,
        0.05881152, -0.14514764,  0.02654281,  0.03775657, -0.04385963,
        0.02759844, -0.097541  ,  0.00841903,  0.07357693,  0.12191707,
        0.04811637, -0.00686556,  0.00859759, -0.08092   , -0.01453922],
      dtype=float32), 'jonathan_franzen': array([ 0.16409422, -0.12369478, -0.11196411, -0.04133186, -0.17323321,
        0.06121949,  0.09020197,  0.02572651, -0.06667354,  0.06168941,
        0.14071213, -0.08131135,  0.08550704, -0.03934253, -0.00640155,
        0.01245645, -0.07861681,  0.02776096,  0.1357699 , -0.03373721,
       -0.10904777,  0.06974193, -0.0927676 ,  0.00305857,  0.0239064 ,
       -0.05919056, -0.11213464, -0.15661846,  0.02307758,  0.07169994,
       -0.00440198,  0.03708683,  0.01084482, -0.1249124 , -0.10106365,
        0.1573633 , -0.11735335, -0.06701274,  0.06659577, -0.1407459 ,
       -0.02637932, -0.05623916,  0.02473868, -0.16363995, -0.02189372,
       -0.05746344,  0.09180228, -0.027277  , -0.09425372, -0.1803549 ],
      dtype=float32), 'harper_lee': array([ 0.01369616, -0.06926448,  0.03651679,  0.06999795, -0.07137065,
       -0.02831681, -0.03490061, -0.05331011, -0.0513875 ,  0.12853378,
       -0.07872669, -0.05682345,  0.12973607,  0.10888752, -0.06681543,
       -0.12066593,  0.09430904,  0.04278896, -0.03146096, -0.09528571,
        0.02610039,  0.02357003,  0.12335749,  0.06467659,  0.00030157,
        0.07714595,  0.00118868, -0.06504505, -0.15680592,  0.03074604,
       -0.03449876,  0.00940959,  0.02171462, -0.11015349, -0.04907113,
       -0.09573025, -0.00235649, -0.14172383, -0.04107519,  0.15716353,
        0.1954979 , -0.15208332,  0.136417  , -0.09225882,  0.09669561,
       -0.08050362,  0.06052134, -0.0764998 , -0.1877897 , -0.08753408],
      dtype=float32), 'american_civil_war': array([-0.03902303,  0.16385947,  0.36689603,  0.17734753,  0.28971174,
       -0.20284691, -0.13785611,  0.08161579, -0.43676636,  0.326146  ,
       -0.35722056,  0.2441617 , -0.10776197, -0.48820582,  0.07618613,
       -0.44444287,  0.13543834,  0.0327061 ,  0.24791504, -0.20860705,
       -0.3670033 , -0.11790091,  0.01573452, -0.02409676,  0.00901695,
        0.07686835, -0.42582807,  0.02394866,  0.5404639 ,  0.29180875,
       -0.14985627,  0.03271364, -0.1225406 ,  0.20003673,  0.29796335,
       -0.02847129,  0.28593248, -0.11400297, -0.3040256 , -0.27696455,
        0.35285488,  0.26319355,  0.07912631,  0.06756124, -0.08789814,
        0.07119421, -0.10504989, -0.12490097,  0.4151515 , -0.18105814],
      dtype=float32), 'marilynne_robinson': array([-0.00816112,  0.0609706 , -0.26298755, -0.01596477, -0.05979084,
       -0.03611833, -0.04329214, -0.17729062,  0.10693941,  0.1593794 ,
        0.17875633,  0.13502629,  0.15101838,  0.00511759, -0.00639737,
        0.07737006, -0.00927759, -0.00545661, -0.13191077,  0.03761902,
        0.31844926,  0.23789881, -0.04467152, -0.14061236, -0.03910965,
       -0.02264205,  0.03048403,  0.04066775, -0.2542907 , -0.04946333,
        0.01518495, -0.1231815 ,  0.02258695, -0.19844377, -0.19739786,
       -0.0090546 , -0.08814473,  0.13185552,  0.19014366,  0.19356965,
        0.01069691, -0.07858649,  0.08811185, -0.06665356,  0.1386921 ,
        0.17250837, -0.00582319,  0.17050958, -0.10949098, -0.06799966],
      dtype=float32), 'saul_bellow': array([ 0.10350749,  0.05464794, -0.03153642,  0.07651138, -0.00467033,
        0.0935518 , -0.05769933,  0.15638177,  0.09092089, -0.01702131,
       -0.03448252, -0.06961741, -0.0661215 , -0.0248912 ,  0.01591915,
        0.07978068,  0.10606479,  0.05701199,  0.01363438, -0.08038573,
        0.14133243, -0.09443334,  0.14542542, -0.12815924, -0.09197826,
        0.06031084, -0.11963604, -0.02002269,  0.01664139, -0.17095768,
       -0.0290409 , -0.09432133,  0.09716122, -0.14517343,  0.11795435,
        0.07253609, -0.10569539,  0.02957088,  0.1006624 , -0.14011542,
       -0.10002148, -0.07703804,  0.01504539, -0.09167025,  0.06730854,
        0.05617502,  0.10833293, -0.09227283, -0.00642171, -0.10815997],
      dtype=float32), 'richard_wright_(author)': array([ 0.08147387,  0.17517841, -0.01114929,  0.12851587, -0.05178673,
       -0.01690508, -0.174664  ,  0.00848405, -0.02552281,  0.03272105,
       -0.11008366,  0.04945792,  0.15554965,  0.05312175,  0.12020678,
        0.02075255, -0.0824355 , -0.01586628,  0.02496667, -0.17482585,
       -0.17928493,  0.02722945,  0.02193015,  0.1680442 , -0.00161944,
       -0.00804104,  0.0245773 ,  0.01327112,  0.20338762, -0.11936036,
       -0.01212877, -0.07902071,  0.05478234, -0.142093  , -0.08163491,
        0.08411007, -0.0151631 , -0.03935903, -0.02792684, -0.08388669,
        0.05168418,  0.10687677,  0.11082643, -0.14231585, -0.05511715,
       -0.07227   ,  0.02754291, -0.05187952, -0.04052878,  0.05013523],
      dtype=float32), 'john_steinbeck': array([ 0.12727278, -0.01502569, -0.09229028,  0.11234222,  0.07974052,
        0.03494125, -0.09937829,  0.00217233,  0.03644896, -0.04799023,
        0.04721118,  0.01713917, -0.10474012, -0.012071  ,  0.2220553 ,
       -0.17037033,  0.17107818, -0.14535365,  0.1275221 , -0.00668055,
       -0.16809167, -0.04356015,  0.10134966,  0.10701609,  0.14231673,
        0.1739739 ,  0.08723532,  0.08391821,  0.02424298,  0.07272673,
       -0.1548573 ,  0.05756571,  0.0501375 ,  0.08380874, -0.06635845,
        0.0004013 , -0.00655372,  0.0551753 , -0.00429514,  0.03506609,
        0.07160481, -0.00519323,  0.13969447, -0.2525814 , -0.0939486 ,
       -0.06512753,  0.12757653, -0.05740153,  0.16091727, -0.15910149],
      dtype=float32), 'blood_meridian': array([-0.13807003,  0.0434371 ,  0.02653541, -0.07935358,  0.02604319,
        0.04798355,  0.03874758,  0.03119801, -0.0868627 , -0.2420507 ,
       -0.079505  , -0.08130193, -0.03239752,  0.06796125,  0.09925724,
        0.06639383,  0.05394347,  0.06947476,  0.06240218, -0.0700361 ,
       -0.13724352, -0.10564025,  0.14776476,  0.04256659,  0.01677656,
       -0.12578773, -0.18366744, -0.09207302,  0.01406071, -0.04626037,
       -0.01976163,  0.1589151 , -0.1504023 , -0.00614413, -0.09585468,
        0.20321774, -0.1944591 , -0.06865901, -0.1677598 , -0.26244494,
       -0.08897582, -0.04231853, -0.28879356, -0.11625911, -0.08939677,
       -0.11257093, -0.00488885, -0.07326733, -0.02592251, -0.02258009],
      dtype=float32), 'the_dollmaker_(novel)': array([-0.11562268, -0.19336689, -0.15645391,  0.00387369, -0.11558764,
       -0.04353002,  0.04255801, -0.21204631,  0.21068183,  0.02044823,
        0.03930921,  0.04414026, -0.04775778, -0.00294222,  0.03869372,
        0.0326447 , -0.26270783,  0.12077887,  0.01426089,  0.05474971,
        0.29711348,  0.03926138,  0.02278548, -0.1424595 ,  0.1384122 ,
        0.00316748,  0.04493151, -0.03254728, -0.29397205, -0.04436643,
        0.14894941, -0.19930181,  0.00903931, -0.09102721,  0.01159925,
       -0.01608862, -0.11897977,  0.1660678 ,  0.2172016 ,  0.09268383,
       -0.1307594 ,  0.00300356, -0.26690593,  0.15615022, -0.12427974,
       -0.07261794, -0.17668112,  0.16520368, -0.15762863,  0.05452292],
      dtype=float32), 'john_dos_passos': array([ 0.07103202,  0.17754197, -0.12591189, -0.08320536, -0.01168363,
       -0.06174649,  0.01123604, -0.04789153, -0.14969644,  0.15625831,
       -0.16122365,  0.05754005, -0.10290854,  0.02417878,  0.15182224,
        0.0639876 , -0.1647244 , -0.11685158,  0.10840517,  0.07603373,
       -0.08496901,  0.02436053, -0.0663506 , -0.08110628,  0.05095843,
        0.03698276,  0.16109121, -0.19239102, -0.11028624,  0.04509772,
       -0.16984147, -0.12495229, -0.0565564 ,  0.12416955,  0.0980067 ,
       -0.13518038, -0.01076326,  0.18258268,  0.04449495, -0.01963725,
        0.03546541,  0.03164572, -0.0399796 , -0.17357676, -0.10702445,
       -0.18950732, -0.12115566, -0.0399512 , -0.03805989, -0.05268834],
      dtype=float32), 'ralph_ellison': array([-0.03065371, -0.18190317, -0.16099204,  0.06707615, -0.12444653,
       -0.00761856, -0.18324554,  0.07185107, -0.09809761, -0.16026038,
        0.09778999, -0.07926895,  0.05796249, -0.05802065,  0.07266222,
       -0.12848395,  0.00786006,  0.04773981, -0.02912293,  0.01070324,
        0.16000697,  0.1567171 , -0.18193991,  0.06748067, -0.11395037,
       -0.1885126 , -0.06705581,  0.13358276, -0.12088723, -0.07462042,
       -0.06483307,  0.0213823 ,  0.04379489,  0.0384293 ,  0.02080297,
       -0.05327919, -0.08743098, -0.00341411,  0.0537349 ,  0.04729432,
       -0.10336199, -0.10078461,  0.0435546 , -0.1350262 ,  0.13370568,
       -0.0304509 ,  0.04114032,  0.11913531, -0.15824625, -0.07597265],
      dtype=float32), 'light_in_august': array([-0.02657901,  0.04009626,  0.15700938, -0.10407878, -0.11482657,
       -0.05906264, -0.01079077, -0.09132066, -0.12736903, -0.0763581 ,
        0.07396571,  0.00079621,  0.0983633 , -0.00218403,  0.11781508,
        0.05836455,  0.03042724, -0.02742891, -0.11874752,  0.1258778 ,
       -0.05262182,  0.03548749, -0.04729762, -0.14342357,  0.09561045,
        0.04622394,  0.02754276,  0.09069318,  0.09862825,  0.07345927,
        0.13085204, -0.02412317,  0.00240699, -0.01551553, -0.01563949,
       -0.12556373, -0.04314572, -0.1142495 , -0.17023091, -0.07710134,
       -0.04309457, -0.01795851, -0.30111915,  0.11471131,  0.08082814,
       -0.13163632, -0.08306911, -0.16884182, -0.10044955,  0.11481745],
      dtype=float32), 'lonesome_dove': array([ 0.10736061,  0.02771274, -0.05971834,  0.08248416, -0.09265504,
       -0.10217129,  0.1832061 , -0.00297554,  0.09250069,  0.07128128,
        0.05565177, -0.01928557,  0.1516959 ,  0.19883373, -0.10820138,
        0.14348748, -0.03054075, -0.10190937,  0.03457629,  0.14709836,
       -0.03923412,  0.04036549, -0.04869365, -0.0381289 ,  0.01885371,
       -0.03931809, -0.15550372,  0.00065404, -0.04051527,  0.00061469,
       -0.07251211,  0.04452723, -0.11598644,  0.04485509, -0.07473082,
        0.11489164, -0.02419211, -0.08448417,  0.00042785, -0.12036414,
       -0.278772  , -0.24345404, -0.15229774,  0.18903634,  0.05067674,
       -0.15845695, -0.08148734, -0.00402377, -0.01673647, -0.06144178],
      dtype=float32), 'martin_amis': array([ 0.09308995, -0.00418657,  0.0384866 ,  0.02600172,  0.09660448,
        0.13871565,  0.15670264,  0.1475576 ,  0.03099634,  0.17277065,
       -0.11666264,  0.00669145, -0.00396607, -0.13159674, -0.00507442,
        0.08620271,  0.0512071 , -0.13682674, -0.06987578, -0.16731548,
       -0.015466  ,  0.07136096,  0.1655459 , -0.0162844 ,  0.14860982,
        0.19130519,  0.08182659,  0.04464214,  0.03832824,  0.22189309,
       -0.00525384,  0.0536294 ,  0.00282453,  0.06149622, -0.08066868,
        0.05420477,  0.10203899,  0.0462374 , -0.07104522,  0.11425824,
        0.22660685,  0.08337576,  0.09113143,  0.01357725, -0.05895253,
        0.05220681,  0.03537672, -0.231891  ,  0.14196402, -0.11364555],
      dtype=float32), 'larry_mcmurtry': array([ 0.05241074,  0.01828475, -0.02874842,  0.03334285, -0.1318399 ,
        0.03788095,  0.11539699, -0.21101004,  0.06893307,  0.10732436,
        0.08771253,  0.13918781, -0.04368195,  0.00716976, -0.09609529,
        0.06590275, -0.23380914,  0.08154698, -0.19063386, -0.04721097,
        0.1362212 ,  0.20025028, -0.19332804, -0.04331936,  0.03430386,
       -0.24953002,  0.15232076, -0.03669124, -0.24700129, -0.1430673 ,
       -0.00566994,  0.0062076 ,  0.10816889, -0.19668087, -0.09445198,
       -0.06608883,  0.06087673,  0.04102313,  0.06143323,  0.02910502,
        0.05392446, -0.25296605, -0.07403595,  0.02269247, -0.01687378,
       -0.0017829 , -0.13998593,  0.15624689, -0.1808447 ,  0.11076313],
      dtype=float32), 'gilead_(novel)': array([ 0.11011909, -0.04781367, -0.04838993,  0.00332076, -0.01599045,
        0.03487341, -0.08691345,  0.00032438,  0.19698381, -0.04329607,
        0.04961732,  0.11166846,  0.12413036,  0.10371773,  0.04948831,
        0.09796745, -0.09258737,  0.02136016,  0.01388317,  0.17011423,
        0.19800597, -0.09142275, -0.02041999,  0.05524589, -0.07165562,
       -0.10175167,  0.01826248,  0.08032057, -0.10913703, -0.09225252,
       -0.09687786,  0.09270538,  0.10648286, -0.05262842, -0.06086332,
       -0.04943604, -0.10357457, -0.04884552,  0.02999238, -0.0412699 ,
        0.03685399,  0.07753407, -0.11989711,  0.15892081, -0.10422295,
        0.01691756, -0.12142576,  0.17591962, -0.02617011,  0.08539627],
      dtype=float32), 'the_adventures_of_augie_march': array([-0.02306796, -0.05592497, -0.26216924, -0.0011804 , -0.00536658,
       -0.09405211,  0.03441557, -0.03795046,  0.19929267,  0.08544381,
       -0.02064976, -0.0527211 , -0.01634233,  0.13777462, -0.14151715,
        0.1100692 , -0.03430061,  0.19184929, -0.00645481,  0.16779539,
        0.24743068,  0.07824256, -0.21666548, -0.09719774, -0.00647587,
       -0.06477721,  0.10225954,  0.04969113, -0.0748723 , -0.01345839,
        0.02734893, -0.0618562 ,  0.08310083, -0.1890244 ,  0.01010266,
       -0.04355929, -0.09791283,  0.12472342,  0.08748771,  0.09960934,
       -0.1206606 , -0.05983069, -0.08581974,  0.02315959, -0.07590884,
       -0.06713759,  0.02856333,  0.21771136, -0.1152411 ,  0.11548414],
      dtype=float32), 'underworld_(delillo_novel)': array([ 0.1086861 , -0.05320568, -0.00472819, -0.10215112,  0.08241492,
       -0.01469199,  0.0228831 , -0.11884323,  0.10887866,  0.1469882 ,
       -0.00158096, -0.05186681, -0.07605468,  0.00342388, -0.08072449,
        0.26553294, -0.116444  , -0.01515187, -0.07115839,  0.08366163,
        0.21851322,  0.01357234, -0.12855574,  0.00092179,  0.08769669,
       -0.0527835 , -0.04041106, -0.08141041, -0.14747141, -0.00288029,
       -0.00438238, -0.13229358,  0.11280471, -0.0582228 , -0.12577103,
       -0.01118233, -0.03946009, -0.10100471,  0.22784649,  0.08411237,
       -0.0617249 , -0.10738525, -0.22139856,  0.18340175, -0.13705784,
        0.01783575,  0.00610768,  0.07212726, -0.11588641,  0.03845264],
      dtype=float32), 'j._d._salinger': array([ 0.09746676,  0.05253658, -0.02212856,  0.07214717,  0.04690729,
       -0.03331309, -0.00181593,  0.11510937,  0.01075717,  0.05096653,
       -0.07628123, -0.03764838, -0.11034817,  0.08761689,  0.08215281,
       -0.25016773,  0.09259883, -0.0041453 , -0.05158348,  0.04202944,
       -0.06987637, -0.01524234, -0.10012016,  0.02860306, -0.08716045,
        0.17798063, -0.0239633 ,  0.06413055, -0.0031403 ,  0.01573319,
       -0.12525538, -0.0171294 ,  0.10642418, -0.0024818 , -0.14736004,
        0.08512417, -0.07681819, -0.01072262,  0.04002246, -0.12163306,
        0.08730348, -0.03669917,  0.39989185, -0.1842827 ,  0.11820362,
       -0.11998948,  0.16402787, -0.00268595,  0.03295841, -0.12564844],
      dtype=float32), 'the_scarlet_letter': array([ 0.00291553,  0.05448778,  0.03695446,  0.00039543, -0.04352088,
        0.2019744 , -0.08209221, -0.02631141,  0.15885462,  0.01058768,
        0.09020675,  0.05792763,  0.05489364,  0.10227834,  0.1380705 ,
        0.3581345 , -0.06771142,  0.13654086,  0.08610796, -0.01652141,
        0.20500161, -0.02182038,  0.07703393, -0.10099749, -0.13636039,
        0.08544246,  0.05986519,  0.05530596, -0.12347427,  0.07550342,
       -0.01710283, -0.0149923 ,  0.03477877, -0.11235866,  0.09177098,
        0.00055982, -0.21600702,  0.07916037, -0.04297229,  0.2536323 ,
        0.07141937, -0.17866135, -0.11175867, -0.01557163,  0.04935172,
       -0.02451855, -0.09045841, -0.02477517, -0.11555384,  0.17945482],
      dtype=float32), 'adventures_of_huckleberry_finn': array([-0.07823365, -0.08545872,  0.06191282,  0.06461656,  0.10252781,
       -0.05426363, -0.06234787,  0.14916511, -0.06973813, -0.17968939,
        0.08822875,  0.05475494,  0.0023039 ,  0.11789254,  0.16148895,
        0.09625388,  0.07372267,  0.09306785, -0.12962863,  0.05521604,
        0.03382656, -0.15317099,  0.09726302,  0.15541801,  0.00896745,
        0.1116933 ,  0.05754734,  0.05750347, -0.03041859, -0.02471542,
       -0.04741398,  0.15667081, -0.01095822,  0.08293282, -0.06586242,
        0.10844929,  0.13027008, -0.05807402, -0.09669574, -0.13700278,
       -0.07594845, -0.01054967, -0.22202277,  0.08753306, -0.15451063,
       -0.04326271, -0.01769675, -0.0158024 ,  0.00717646,  0.0247367 ],
      dtype=float32), 'theodore_dreiser': array([-1.11281395e-01, -7.84769803e-02, -1.81466982e-01,  1.26262516e-01,
       -8.91247615e-02,  3.55833657e-02, -1.74876794e-01, -9.07909274e-02,
       -6.35372922e-02,  9.21590924e-02, -7.36236647e-02, -1.28390612e-02,
       -8.72681513e-02,  1.18630277e-02, -1.27873868e-01, -1.25588328e-01,
       -7.22080693e-02,  1.52792573e-01, -6.79282248e-02, -1.39034018e-02,
       -1.31317060e-02, -1.14792496e-01, -2.04511449e-01,  1.01377286e-01,
        4.18724529e-02,  9.14181843e-02, -1.01676725e-01,  2.09153630e-03,
       -7.26715773e-02, -7.15902401e-03,  1.14865415e-01, -1.34901091e-01,
       -2.24203914e-02, -2.45866664e-02, -1.90561831e-01, -7.35164061e-02,
       -2.40522750e-05,  1.06057510e-01,  6.03677928e-02, -1.00005522e-01,
       -1.19966380e-01, -8.96040574e-02, -4.12885509e-02, -1.53550804e-01,
        1.42503172e-01, -9.31915417e-02, -9.83640328e-02,  1.27252653e-01,
        8.61158371e-02,  8.83095860e-02], dtype=float32)}
Successfully wrote to 2layer_50neuron_50emb_0.pkl
