Network options:
3 hidden layers
50 neurons/hidden layer
50 embedding dim
Vocab size: 25380
Number of classes: 80
WikiClassifier(
  (word_embeddings): Embedding(25380, 50)
  (model): LSTM(50, 50, num_layers=3)
  (hidden2class): Linear(in_features=50, out_features=80, bias=True)
)
Epoch 0 complete
Time: 42.99
Average in-sample loss: 4.129600976959924
In-sample accuracy: 0.05036483360028475
Average dev loss: 4.094146667086781
dev accuracy: 0.06192170818505338
Epoch 1 complete
Time: 42.78
Average in-sample loss: 4.101481517474196
In-sample accuracy: 0.05205552589428724
Average dev loss: 4.0894709044079764
dev accuracy: 0.06192170818505338
Epoch 2 complete
Time: 42.87
Average in-sample loss: 4.082070744203108
In-sample accuracy: 0.055436910482292226
Average dev loss: 4.051733686236724
dev accuracy: 0.06903914590747331
Epoch 3 complete
Time: 42.07
Average in-sample loss: 4.024253607772173
In-sample accuracy: 0.06522512902651717
Average dev loss: 4.031946176735956
dev accuracy: 0.0704626334519573
Epoch 4 complete
Time: 43.60
Average in-sample loss: 3.9836711852040065
In-sample accuracy: 0.06727175654030966
Average dev loss: 3.9451171024838376
dev accuracy: 0.07615658362989323
Epoch 5 complete
Time: 43.54
Average in-sample loss: 3.91465933353881
In-sample accuracy: 0.07367859049652963
Average dev loss: 4.130644768158312
dev accuracy: 0.042704626334519574
Initiating early stopping
Average test loss: 4.168795426460347
Test accuracy: 0.04199288256227758
{'harriet_beecher_stowe': array([-0.09770358,  0.01086462,  0.07479952,  0.02117525,  0.02613209,
        0.08684494, -0.00572134,  0.17885225,  0.02634209,  0.07426256,
        0.02707212,  0.04206664,  0.0551954 ,  0.05922376,  0.1142664 ,
        0.01658988,  0.14305837, -0.05815051,  0.08048493,  0.07215348,
       -0.13923346, -0.04798075,  0.0588797 , -0.02297596,  0.12229919,
        0.04011616, -0.03325268, -0.10563742,  0.01104605,  0.10173488,
       -0.06200819, -0.00388594, -0.03819423,  0.09940394, -0.0626495 ,
       -0.00586501,  0.11905058,  0.08235092, -0.07421791, -0.02191093,
       -0.13793603,  0.10159337, -0.07919081,  0.0877886 ,  0.05684985,
        0.15880282,  0.01955176, -0.06793927, -0.05589418,  0.1484253 ],
      dtype=float32), 'american_masters': array([ 0.08570347, -0.35891193,  0.00482202,  0.03061671, -0.09970908,
        0.44280392, -0.09232068, -0.4373051 ,  0.22886492, -0.05616015,
        0.05595643, -0.06534027, -0.3883841 , -0.14572798,  0.12556027,
        0.05102438,  0.13843389,  0.23728824,  0.0653877 , -0.3056884 ,
        0.27178812, -0.20924029, -0.21823093,  0.08248749, -0.12481849,
        0.18387096,  0.23862332,  0.34952012, -0.18361351, -0.00473822,
        0.15545917, -0.18504183, -0.3330183 ,  0.15472254, -0.23669918,
       -0.18780456, -0.06383705,  0.17346075,  0.06985199,  0.3774855 ,
        0.10202581,  0.09981564, -0.171618  , -0.08542041, -0.00819921,
       -0.13994187, -0.14624147,  0.17980517, -0.04250367, -0.52274317],
      dtype=float32), 'infinite_jest': array([-0.01832479,  0.05217202,  0.04339524,  0.09000015,  0.00212581,
        0.01866472, -0.05138391, -0.00908086, -0.0380406 , -0.14098057,
        0.02830992, -0.00184503,  0.17381403, -0.1708918 ,  0.05451069,
        0.0280056 , -0.16812828, -0.03645134, -0.12839389, -0.12254483,
       -0.04632926,  0.0507805 , -0.02418816,  0.10691298, -0.15179175,
        0.08084143,  0.0973015 , -0.00724201,  0.09004544,  0.04957001,
        0.14860544,  0.15251362, -0.12883598,  0.02671223, -0.0526754 ,
        0.05252426,  0.02523938,  0.05696658, -0.09083658, -0.0194968 ,
        0.01598358,  0.04900721,  0.00059757,  0.0170301 , -0.02767688,
        0.15661621,  0.00506694,  0.0169043 ,  0.1000457 , -0.04500602],
      dtype=float32), 'stan_lee': array([-7.0363835e-02, -4.6583023e-02, -8.9008287e-03,  6.1815394e-05,
        1.5474074e-01, -2.2141369e-01,  2.0701941e-02,  5.5474468e-02,
        9.7713053e-02, -7.9501353e-02, -1.2661676e-01,  1.6030490e-02,
        3.5083503e-02, -2.8255058e-02,  4.8037816e-02,  3.6972761e-02,
       -1.2207558e-01,  8.3085233e-03,  2.6549589e-02,  6.6713348e-02,
       -2.4029619e-01,  6.6771127e-02, -1.0165817e-01,  3.4086092e-03,
        2.1895859e-02, -7.9076849e-02, -1.4280975e-01, -6.3280597e-02,
        8.7337963e-02,  1.6308084e-01, -4.6203319e-02,  5.5030573e-02,
        1.3865808e-01,  8.7970398e-02, -1.7406246e-02,  8.7886482e-02,
        1.3674286e-01,  7.9651214e-02, -9.7242698e-02, -4.8739307e-02,
        2.6657686e-03, -3.5629280e-02,  1.2442065e-01,  1.5427114e-01,
        6.6873513e-02,  2.1795504e-02, -5.1980700e-02,  3.6339098e-04,
        1.5265280e-01,  1.5577108e-01], dtype=float32), 'jack_kirby': array([-0.04421467,  0.12801313,  0.00659227,  0.07160537,  0.07117707,
       -0.13757008, -0.09795013,  0.14447045, -0.02229195,  0.07511459,
       -0.06176073,  0.20119442,  0.10337697, -0.07205218,  0.07710475,
        0.0106399 , -0.0973365 ,  0.11554039, -0.0969493 ,  0.07742758,
       -0.14786138,  0.0686985 , -0.01390703,  0.10244176, -0.06071438,
       -0.16644013, -0.10425049, -0.02660156,  0.10996011,  0.02574129,
        0.02702837,  0.11432312,  0.07691529,  0.0744985 ,  0.08858431,
        0.02681355,  0.16287081, -0.24007186, -0.00744043, -0.16933972,
       -0.25190243, -0.21178126, -0.06518832,  0.2039776 ,  0.17944834,
        0.08929003, -0.0272043 ,  0.03246401,  0.18810116,  0.1629303 ],
      dtype=float32), 'don_delillo': array([-0.11859592,  0.16018112,  0.13853434, -0.15587577,  0.02201887,
       -0.02106869,  0.02817309, -0.00511961, -0.17661609, -0.0385629 ,
       -0.18388109,  0.14723985,  0.08446869,  0.07050506, -0.1190259 ,
       -0.03040689, -0.05476779,  0.03135829, -0.05038466,  0.22649562,
        0.05959148,  0.08195834,  0.15977503, -0.23131597,  0.23196682,
       -0.07435885, -0.05870287, -0.25123316, -0.08607471,  0.01628244,
        0.0037637 , -0.11604662, -0.01446847,  0.03721109,  0.03466484,
        0.12439398, -0.08152025,  0.03305712, -0.11009571, -0.14322206,
        0.15504465,  0.09972619,  0.09548552,  0.00442304, -0.2255499 ,
       -0.07314394,  0.08283074, -0.00284555, -0.18204567,  0.09813258],
      dtype=float32), 'william_gaddis': array([ 0.06352589, -0.14710923,  0.00312194, -0.0082778 , -0.11132827,
        0.24457282, -0.04837793, -0.00709036,  0.10438971, -0.10577456,
        0.02794403,  0.05377991, -0.15520449, -0.10219228,  0.07157655,
        0.1542592 , -0.00550049,  0.12151591, -0.03484712, -0.16644199,
        0.18949187,  0.04430458,  0.1495683 ,  0.00255807, -0.16438796,
        0.08330795, -0.03958892,  0.10691693, -0.06006798, -0.10850667,
        0.12139536, -0.11905685, -0.11321669, -0.02287649, -0.03648137,
       -0.02451395,  0.00566268,  0.17137598, -0.20332776,  0.06266559,
        0.1634917 , -0.08136846,  0.10940837, -0.1956376 ,  0.03112227,
       -0.13907054,  0.05799407,  0.07671347, -0.07505651, -0.13153628],
      dtype=float32), 'the_adventures_of_tom_sawyer': array([-0.14649528, -0.05368535, -0.00909252, -0.15886852,  0.0277358 ,
        0.05839904,  0.08393414, -0.00888737,  0.07675523, -0.04345007,
       -0.17203078,  0.08473509, -0.17823656,  0.09412611,  0.10293525,
        0.11681852,  0.12210608,  0.06791244,  0.10011871, -0.11599357,
        0.00436089, -0.03451598,  0.04555623, -0.19731036,  0.16592008,
       -0.12439921, -0.08151378,  0.09746121, -0.17266001, -0.2107161 ,
       -0.17982219, -0.10126983,  0.14498922, -0.09750915, -0.0445355 ,
       -0.02837868, -0.09475321, -0.00927927,  0.06617615,  0.06090982,
        0.12168983,  0.06896611, -0.02371029, -0.21770889, -0.09643665,
        0.02900575,  0.05035028, -0.11385015, -0.13837175, -0.09932672],
      dtype=float32), 'theodore_dreiser': array([ 0.0328743 ,  0.0016163 , -0.05516591, -0.04468898, -0.00896651,
        0.0959992 , -0.09634951, -0.2265967 , -0.03391219, -0.0285346 ,
        0.09180528,  0.04712459,  0.01769972, -0.00436084,  0.00655728,
       -0.05161891,  0.05517949, -0.05562245,  0.043341  ,  0.02771296,
        0.12581293, -0.04200453, -0.05992674, -0.06936378,  0.07922138,
        0.01333728,  0.16798806,  0.077829  ,  0.09719318, -0.04201845,
        0.02777468, -0.14700261, -0.18544148, -0.03537787,  0.055652  ,
       -0.00404793, -0.13025236, -0.0221533 , -0.03748981,  0.00809986,
        0.0901222 ,  0.01446448,  0.1189781 , -0.0881466 , -0.1331077 ,
       -0.00581021, -0.0964703 ,  0.09474007, -0.15150152, -0.03179573],
      dtype=float32), 'the_catcher_in_the_rye': array([ 8.04131478e-02,  1.13034939e-05,  8.98686796e-02, -1.27067402e-01,
        7.29665980e-02, -5.64781278e-02,  2.16045068e-03,  1.59942005e-02,
       -1.35964910e-02, -1.70312092e-01, -7.77750388e-02,  6.91313520e-02,
       -1.75039366e-01,  2.08276808e-01, -2.31526587e-02, -1.10681795e-01,
        1.72081918e-01,  8.92063603e-02,  9.07342881e-02, -1.08466715e-01,
        1.84090227e-01, -1.03649348e-01,  1.04206502e-01, -3.72218676e-02,
        6.16891012e-02, -7.59270340e-02,  5.44734746e-02, -3.41199189e-02,
       -4.18018028e-02, -1.67673171e-01,  4.51465510e-03, -1.71181783e-01,
       -1.11700252e-01,  5.42090759e-02,  3.28520313e-02, -3.40176001e-02,
       -4.20937240e-02,  2.31947571e-01, -1.49012253e-01, -4.48580831e-02,
        7.72149414e-02,  1.58487409e-01,  6.15166791e-04, -2.16617677e-02,
       -1.59336090e-01, -7.29391426e-02,  7.64152631e-02,  3.44380625e-02,
       -9.43062976e-02, -2.52793375e-02], dtype=float32), 'american_pastoral': array([-0.10060067, -0.11380718, -0.03598408, -0.02688711, -0.08959372,
        0.17137872,  0.03242977, -0.14120188,  0.12130664, -0.06957343,
        0.02392299, -0.1457772 , -0.00398566, -0.0330574 , -0.00504552,
       -0.12415884,  0.0606772 ,  0.06454449, -0.10891598, -0.03141552,
       -0.07965507, -0.1429074 , -0.09152991, -0.13035971,  0.06249413,
       -0.0899433 , -0.01408753,  0.04510175,  0.10538679, -0.03520259,
       -0.07022821,  0.12724175,  0.01911066,  0.13637775, -0.121999  ,
       -0.12674546,  0.04806503,  0.14845565, -0.04528444,  0.00480649,
        0.02678312,  0.02277553, -0.09217922, -0.14131978, -0.04125259,
        0.08508958,  0.06418744,  0.04854136,  0.00709311, -0.1809179 ],
      dtype=float32), 'f._scott_fitzgerald': array([-0.04292163,  0.11102352, -0.06549968, -0.01597034,  0.03903649,
        0.04395637,  0.11250725,  0.17566751, -0.10096092,  0.12528776,
       -0.26597124, -0.03660328, -0.06171272,  0.31218424, -0.11274158,
        0.0324871 ,  0.12048089,  0.1084298 , -0.06585803, -0.00888457,
       -0.02753739,  0.13760026,  0.05402372, -0.1359492 ,  0.20955068,
       -0.047931  ,  0.00586549, -0.15605369, -0.00736459, -0.08966789,
       -0.0816482 , -0.14163883,  0.15163404, -0.17239256,  0.07843044,
        0.08430662, -0.13436574,  0.00438181, -0.01526383,  0.06373428,
        0.12752189,  0.1126276 ,  0.1087761 , -0.086111  , -0.0650904 ,
       -0.08594663,  0.08802286, -0.0866439 , -0.25429165,  0.1169288 ],
      dtype=float32), 'herman_melville': array([-0.01929697,  0.10212788,  0.05219345, -0.05196484, -0.08663023,
       -0.24581276, -0.01989348,  0.1916414 , -0.05809353,  0.00305809,
       -0.161548  ,  0.10054415,  0.18076806,  0.18165006,  0.10522871,
        0.04899278,  0.02690163, -0.03153422,  0.10884216,  0.08583958,
        0.02671806,  0.04079878,  0.16063757, -0.09190624,  0.10534537,
       -0.16913559, -0.11747438, -0.21243025, -0.03411612, -0.14843372,
       -0.00218029, -0.09301705, -0.04869279, -0.140583  ,  0.00833448,
        0.13542478, -0.02502262, -0.07564751, -0.05947397, -0.12641571,
       -0.08914384, -0.08029827, -0.04469507,  0.05532956, -0.09454787,
        0.06569511, -0.02857248,  0.07508458, -0.11273748,  0.23056796],
      dtype=float32), 'lolita': array([ 0.00912938,  0.09662176, -0.05321598, -0.2184921 , -0.08734828,
        0.00239727,  0.00457656,  0.15109877, -0.10673404, -0.0289943 ,
       -0.13075641, -0.0821478 ,  0.11198878,  0.1348941 ,  0.05936603,
        0.1224612 , -0.10390934,  0.05326198, -0.02585553,  0.18017441,
        0.02536551,  0.12768757,  0.13795811, -0.08863931, -0.01761184,
       -0.02578726, -0.05635214, -0.13021441, -0.10047306, -0.03263575,
        0.01898963,  0.01028175,  0.05741776, -0.09046548, -0.01168958,
        0.04659424,  0.03969678, -0.08157334, -0.03894953, -0.05799004,
        0.1046802 ,  0.0854909 ,  0.216603  , -0.00164674, -0.14926916,
       -0.10715744,  0.0040573 , -0.07714471, -0.14506121,  0.23095867],
      dtype=float32), 'invisible_man': array([-0.03700364,  0.04434864, -0.07855099,  0.09813264, -0.09921268,
        0.03681889, -0.05009056,  0.08748214, -0.00572028,  0.04804363,
       -0.04738092, -0.04911163, -0.10009681,  0.13801496,  0.0951818 ,
       -0.05240018,  0.07049739, -0.10741814,  0.05893515, -0.1368453 ,
       -0.04316194,  0.07272825,  0.02332755, -0.07314394,  0.00842804,
        0.04683901,  0.11903385, -0.09948725, -0.1347247 , -0.02033581,
        0.01429225, -0.13359365, -0.0155213 ,  0.10387737,  0.00897177,
        0.14349851, -0.10173056, -0.03724858, -0.07620339, -0.0244505 ,
        0.01964397,  0.04073038,  0.15105428, -0.12931508, -0.12989675,
        0.02834895, -0.10767307,  0.07483364, -0.09526391,  0.03586967],
      dtype=float32), 'vladimir_nabokov': array([-1.31870627e-01,  1.63803130e-01,  1.13086514e-01, -9.89489928e-02,
        6.23002835e-02, -8.43329877e-02, -7.99264666e-03,  1.36965692e-01,
       -1.38182223e-01, -1.66214537e-02, -1.91386148e-01,  2.68708542e-02,
       -1.27544045e-01,  3.04556876e-01,  1.51425526e-01,  6.12093396e-02,
       -2.43945532e-02, -1.51637837e-01,  1.28060788e-01,  5.15212640e-02,
        9.28139463e-02,  4.28882018e-02,  1.58071250e-01, -1.35607362e-01,
        2.65408516e-01, -1.88591927e-01, -2.45146081e-01, -2.44650468e-01,
       -6.21694066e-02, -1.11562714e-01, -5.74179590e-02, -2.46674836e-01,
        1.10430203e-01, -1.20294265e-01,  8.25324655e-02, -5.06758317e-03,
       -2.84791254e-02,  1.13365836e-01,  5.93967475e-02, -1.53678685e-01,
       -8.86885636e-03, -4.71990518e-02, -2.61102570e-04,  5.15861884e-02,
       -7.44830072e-02,  1.40273916e-02,  2.72208508e-02,  3.59875299e-02,
       -9.24270600e-02,  3.84027436e-02], dtype=float32), 'light_in_august': array([ 0.03575451,  0.02983833,  0.03415547, -0.00699848, -0.04537706,
        0.12145056, -0.02960993, -0.12689543,  0.12153353, -0.08231097,
        0.05738843, -0.14989339,  0.00426565, -0.12059203,  0.05956554,
        0.15100932, -0.05956   ,  0.09119389,  0.02016631,  0.07301143,
        0.05149333,  0.15291467, -0.08587509, -0.10737906,  0.04587081,
        0.03264555,  0.12654302, -0.12270599, -0.00604336,  0.06654873,
       -0.09153597, -0.17587163,  0.03907935, -0.09530926,  0.02454554,
        0.03924939, -0.13085559,  0.08066117, -0.07814576, -0.06338457,
        0.02944186,  0.04374382,  0.17959416, -0.10097646,  0.02578472,
        0.0879234 ,  0.06633893,  0.02291671,  0.03584479,  0.06665435],
      dtype=float32), 'thomas_pynchon': array([-0.06735311,  0.16059308,  0.03283702, -0.0742578 ,  0.04143254,
       -0.24131697,  0.12522149,  0.04270669, -0.00318961,  0.00687891,
       -0.03206094,  0.12558931,  0.13270327,  0.12340955,  0.05175196,
        0.08843305, -0.20742843,  0.05612479,  0.00552378,  0.22067511,
        0.00995121, -0.0094845 ,  0.03442356,  0.07354832, -0.033858  ,
       -0.07337946, -0.13752745, -0.26674074,  0.09010115,  0.12722895,
       -0.05829348,  0.02611194,  0.04289743,  0.00193777, -0.08583359,
        0.08351937,  0.1452922 , -0.1409614 , -0.1347109 , -0.13024719,
       -0.12855065,  0.04372717,  0.08029182,  0.03269288, -0.01814398,
        0.15447289, -0.09014083, -0.11652768,  0.00161876,  0.24543707],
      dtype=float32), 'the_adventures_of_augie_march': array([ 0.10635244, -0.00578328,  0.18763451, -0.08604157, -0.16758369,
        0.30496314,  0.09208906, -0.20925692, -0.08337903, -0.00665548,
        0.09425982, -0.1000645 , -0.19575477, -0.01968103,  0.06784364,
       -0.01008395,  0.17411657,  0.08366101,  0.07619756, -0.12254036,
        0.23915772, -0.09035798, -0.06165311, -0.01585722,  0.10351192,
       -0.00607958,  0.15145633,  0.19030605,  0.03920079, -0.01109205,
       -0.07352002, -0.1788308 , -0.01483558, -0.03608701, -0.03024621,
       -0.07256725, -0.22309847,  0.03985829, -0.14630233,  0.12476361,
        0.19736707,  0.08661565,  0.11918849, -0.11394186, -0.09754711,
       -0.02289637,  0.06936248, -0.1473788 , -0.02050217, -0.07190243],
      dtype=float32), 'american_literature': array([-0.15434997,  0.19345945, -0.17691214,  0.19324097,  0.04450153,
       -0.12058899, -0.08966383,  0.2977013 , -0.14650874, -0.06716095,
       -0.08768865,  0.09828246,  0.3464785 ,  0.08921759, -0.04010166,
       -0.06823596, -0.08995537, -0.08653573,  0.00182713,  0.05406976,
       -0.08148255, -0.08739149,  0.17089482,  0.29581532, -0.01778809,
       -0.09301392, -0.13203396,  0.09315897,  0.13462818, -0.02235997,
        0.03132542,  0.12499139,  0.15370044,  0.04362996,  0.02210057,
        0.13956432,  0.3210041 , -0.28582925, -0.0576831 , -0.11209962,
       -0.2531699 , -0.08948618, -0.24237026,  0.08297873,  0.10714387,
        0.10349734, -0.0228186 ,  0.01177933, -0.01338972,  0.22471705],
      dtype=float32), 'culture_of_the_united_states': array([ 0.05599906,  0.06811776, -0.41030258,  0.2368254 ,  0.04150406,
       -0.38158575, -0.04088198,  0.22498122,  0.03694133, -0.05173025,
        0.01031015,  0.14188395,  0.34392467, -0.2716592 ,  0.07320509,
       -0.08535266, -0.14263436, -0.17057644, -0.09498513,  0.09470055,
       -0.42390513,  0.03575657, -0.18389663,  0.38913333, -0.14436685,
        0.16709417, -0.06331032,  0.20542479,  0.4160657 ,  0.4180462 ,
        0.1012307 ,  0.3394066 ,  0.2046798 ,  0.19483796,  0.146634  ,
       -0.0497366 ,  0.3361956 , -0.19945045, -0.00807157, -0.2964143 ,
       -0.3088998 , -0.3026222 , -0.15736435,  0.3486554 ,  0.42683846,
        0.31600678,  0.19136629,  0.1568496 ,  0.36167404,  0.1134266 ],
      dtype=float32), 'native_son': array([-0.04707926,  0.03932044,  0.14251901, -0.08180375, -0.01858822,
       -0.20807825, -0.02823287,  0.11877139, -0.16378759,  0.03908155,
       -0.23934577,  0.12797163, -0.08923703,  0.01634651, -0.1261363 ,
        0.02176578,  0.02585288,  0.07590666,  0.05537074,  0.03710039,
       -0.07041489,  0.00171607,  0.1348017 , -0.28826246,  0.07779433,
        0.0061422 , -0.05270723, -0.3088626 , -0.146226  , -0.03236101,
       -0.07990562, -0.00826784,  0.01997756,  0.02578454, -0.06098372,
       -0.06823396, -0.14160146,  0.02754663,  0.16281624,  0.01287953,
        0.02723477,  0.0125535 ,  0.05301785,  0.00438485, -0.1896113 ,
        0.09800316, -0.12031202, -0.1407732 , -0.14669453,  0.26487762],
      dtype=float32), 'blood_meridian': array([-0.02336847,  0.00661472, -0.12523614,  0.10693388, -0.00534297,
       -0.26632416, -0.0392551 ,  0.06453706,  0.09875731,  0.13571465,
       -0.11037314, -0.04556486,  0.26659313, -0.10280037,  0.10138655,
        0.03897878, -0.08081829, -0.02431382,  0.01820179, -0.06492939,
        0.03083542,  0.17899404,  0.01697242,  0.00629701,  0.01052845,
        0.04244938, -0.09117361, -0.12867473,  0.02570513,  0.16024221,
        0.00601269,  0.03516074,  0.00365331,  0.14953461, -0.0620023 ,
       -0.00727042, -0.0031989 , -0.20109013,  0.01441595, -0.16564302,
        0.02148331, -0.15017019,  0.08774631,  0.07669985,  0.00478239,
        0.02779296, -0.05320565,  0.09122829,  0.24058501,  0.04297968],
      dtype=float32), 'harper_lee': array([ 0.01922848,  0.05468981,  0.03327487, -0.01746053, -0.07769538,
       -0.06937632,  0.08228503, -0.14296332, -0.05419933,  0.0814448 ,
       -0.06685467,  0.12504564, -0.10787837,  0.09597672,  0.07427627,
        0.01947781,  0.10623383, -0.05980145, -0.00709524, -0.02672541,
       -0.00114153,  0.0790209 ,  0.0497078 ,  0.05657599,  0.04502358,
        0.01837873, -0.12261883, -0.0447359 , -0.12979428, -0.04312539,
       -0.026145  , -0.15843119, -0.05739028, -0.11809278,  0.07055602,
       -0.08702406, -0.0546924 ,  0.15025261, -0.03445298, -0.05747426,
        0.00502093,  0.05544093,  0.01937249, -0.03055001, -0.11108831,
        0.07903325,  0.08960422,  0.04430477,  0.02732093, -0.06444276],
      dtype=float32), 'the_american_scholar': array([-0.09871429, -0.29300135,  0.19144648, -0.14452484, -0.23274553,
        0.54799134, -0.05713678, -0.37724638,  0.238357  , -0.03731062,
        0.21189992, -0.22873645, -0.33024657, -0.1713652 ,  0.06526309,
       -0.02158686,  0.1895749 ,  0.16741142, -0.10650831, -0.30153263,
        0.36581752, -0.0978366 , -0.22944243, -0.23095438, -0.16186674,
        0.15564673,  0.29791954,  0.28150013, -0.19055018, -0.32892233,
        0.14207907, -0.18629947, -0.2511811 , -0.05306029, -0.15686028,
       -0.09742736, -0.17658022,  0.25324404,  0.18546058,  0.16486812,
        0.18591756,  0.24178527, -0.12566072, -0.06763206, -0.00573379,
       -0.07908377, -0.13477945,  0.03205062, -0.14634494, -0.39820686],
      dtype=float32), 'martin_amis': array([-0.06840843,  0.07110646,  0.0720414 , -0.10489072, -0.04037329,
       -0.15420648,  0.1171898 ,  0.18567121, -0.03635759,  0.08265843,
       -0.10209098, -0.07712524,  0.07549953,  0.01622348, -0.01358691,
       -0.05314624,  0.0990115 , -0.11246258,  0.10549498,  0.14839458,
        0.03865955, -0.05731769,  0.00797754, -0.06789256,  0.14896664,
       -0.04429056, -0.17932945, -0.2504031 , -0.06925629,  0.08044011,
       -0.08628523, -0.04740723,  0.13845278, -0.04609239, -0.04572957,
        0.07206497,  0.1353782 , -0.04781522,  0.06900181, -0.11139736,
        0.115     ,  0.00114969, -0.07298137, -0.06654467, -0.01243447,
        0.06801989,  0.08558167, -0.10514525, -0.06038875,  0.13321386],
      dtype=float32), 'novel': array([-1.17322244e-01,  9.29449648e-02, -2.27081478e-01,  3.03765178e-01,
        7.74823949e-02, -3.70484471e-01, -3.80203649e-02,  1.09286040e-01,
       -1.51147887e-01,  1.08609304e-01,  1.21308714e-01,  1.37573093e-01,
        4.26476240e-01, -4.23081845e-01, -1.08006731e-01,  9.49562434e-03,
       -1.55634150e-01, -6.69676363e-02, -6.03665430e-05,  7.35261068e-02,
       -2.47124702e-01,  9.14800167e-02, -6.02112748e-02,  1.08027019e-01,
       -1.96758881e-01,  9.62847993e-02,  3.44830565e-02, -7.63025284e-02,
        9.92079005e-02,  3.69565576e-01, -2.57213227e-02,  2.20015556e-01,
        7.61546791e-02,  9.69904214e-02, -8.32701847e-03, -1.46566913e-01,
        2.74006516e-01, -1.52562931e-01,  1.34346485e-01, -1.66112721e-01,
       -1.81609869e-01, -1.91801116e-01, -6.38833269e-02,  2.28317589e-01,
        1.47339344e-01,  5.82447387e-02,  9.96638536e-02, -1.15903988e-01,
        3.30321431e-01,  8.12456906e-02], dtype=float32), 'a_farewell_to_arms': array([-1.1535856e-01, -1.7475298e-02, -8.5407108e-02,  1.2618451e-01,
       -1.4008307e-01,  2.2437881e-01, -2.0943405e-02, -2.0755254e-01,
        5.0665781e-02, -3.4919214e-02, -5.8269318e-02, -9.4586097e-02,
       -1.6512288e-01, -1.3888809e-04,  2.4528494e-02,  6.1280344e-02,
       -5.6519290e-03, -6.7441158e-02,  5.7902463e-02,  2.2831928e-02,
       -8.6568743e-02, -9.4437301e-02, -1.7800696e-01, -6.2357593e-02,
       -1.1949126e-01, -7.5898595e-02, -4.5286365e-02, -3.7457459e-02,
       -1.7117241e-01, -4.7097113e-02,  1.3414170e-01,  7.5140752e-02,
        1.0549880e-01, -2.6186300e-02, -3.4294128e-02, -1.1373860e-01,
       -9.7989544e-02,  8.8245079e-02, -2.7037410e-02,  1.7925341e-01,
       -7.8757750e-03, -6.6383637e-02,  1.5238646e-01, -9.1849491e-02,
        1.2306925e-01,  3.3812918e-02, -9.9417455e-02,  1.1974840e-01,
        2.4939749e-02, -2.2608030e-01], dtype=float32), 'jonathan_franzen': array([ 0.11425417,  0.00518612, -0.11060318, -0.04875975, -0.101843  ,
        0.04059087,  0.10434751, -0.01029489, -0.06472395,  0.12407787,
        0.04398387,  0.12609908, -0.00971788,  0.07441113, -0.06031919,
        0.04950687, -0.00984746,  0.05666701,  0.16413297, -0.00547641,
       -0.0980047 , -0.05197535, -0.00121448, -0.12283291,  0.17302625,
        0.02132463,  0.04440757, -0.15252508,  0.04459538, -0.0650859 ,
        0.03874785, -0.14560395,  0.02577894, -0.12108038,  0.10284168,
        0.11096378,  0.02159469,  0.00107559, -0.07327939,  0.00664227,
       -0.03899885, -0.03969814, -0.05944559,  0.02151738, -0.05732763,
       -0.07593356,  0.07946181, -0.04154046, -0.13360444,  0.06162858],
      dtype=float32), 'gone_with_the_wind_(novel)': array([ 0.04586631,  0.11246551, -0.13230917, -0.07597003,  0.16608958,
       -0.32274583,  0.09418432,  0.25418633,  0.00124366,  0.14152513,
       -0.12375269,  0.02756451,  0.10483944, -0.05604498, -0.03328319,
        0.06945258, -0.1845438 , -0.14248146,  0.01613548,  0.25608113,
       -0.16573288,  0.09972989,  0.07527487, -0.04254468,  0.11192163,
       -0.06407071, -0.08726269, -0.27921805, -0.20142768,  0.03410847,
        0.00607831,  0.08202486,  0.17365387, -0.02172717, -0.07071805,
        0.07562745,  0.04928884, -0.08677568, -0.01425184, -0.07835274,
       -0.1402039 , -0.09695704,  0.1304867 ,  0.02814881, -0.1064879 ,
        0.17408913, -0.0633447 ,  0.07013895,  0.05645316,  0.3554874 ],
      dtype=float32), 'literal_and_figurative_language': array([-0.12938815, -0.1591682 ,  0.20482087, -0.11368234, -0.08058777,
        0.2773677 , -0.01087459, -0.17087637,  0.20967445, -0.05132234,
        0.00854763, -0.15478043, -0.32300442, -0.09079327, -0.139401  ,
       -0.11355622,  0.20870054,  0.00520292, -0.0593448 , -0.21230465,
        0.02943757, -0.1817993 , -0.1436873 , -0.04444685, -0.04603225,
        0.02683793,  0.12471751,  0.22483058, -0.009706  , -0.21871859,
        0.16298136, -0.11665227, -0.00510446, -0.09743138, -0.19793396,
       -0.07001697, -0.12618946,  0.16979893,  0.05562174,  0.17999107,
        0.03379066,  0.13556953, -0.00319127, -0.02829333,  0.01851403,
       -0.2119108 , -0.13177647,  0.05108867, -0.16002207, -0.15114626],
      dtype=float32), 'the_dollmaker_(novel)': array([-0.07481001, -0.22201675, -0.04596561, -0.04916698, -0.0776848 ,
        0.14627744, -0.05663524, -0.2701428 ,  0.05915249,  0.00118638,
        0.04156194, -0.10979318, -0.27876484,  0.05176716, -0.11594082,
       -0.06435026,  0.1029966 ,  0.06651286,  0.18886901, -0.16623989,
        0.0862664 , -0.10857125, -0.00397906, -0.10941598,  0.01474386,
       -0.01843334,  0.13521066,  0.09876204,  0.00414419,  0.03659051,
       -0.02111945, -0.11710901, -0.1793509 ,  0.06432449, -0.15980312,
       -0.06634298, -0.05208252,  0.217261  , -0.14364718,  0.1115351 ,
        0.20452875,  0.03834394,  0.0358573 ,  0.02707603, -0.05353411,
       -0.19451024,  0.02405401, -0.07844112, -0.21365505, -0.09460909],
      dtype=float32), 'american_civil_war': array([ 0.1134722 ,  0.10433479, -0.3405087 ,  0.36290196, -0.02295247,
       -0.2699509 , -0.04200809,  0.2991857 ,  0.04619434,  0.12259693,
        0.19119404,  0.01903734,  0.28925636, -0.17903732,  0.06172965,
        0.03786691, -0.10114728, -0.22386621, -0.14543   ,  0.10395248,
       -0.40756413, -0.03052344, -0.02246538,  0.36333323, -0.1612171 ,
        0.1661408 , -0.03716398,  0.15044451,  0.48258176,  0.4008287 ,
        0.05026654,  0.386084  , -0.02986161,  0.13674597,  0.1284832 ,
       -0.1309067 ,  0.3948844 , -0.48197022,  0.01503162, -0.2222136 ,
       -0.2287574 , -0.12271574, -0.2846237 ,  0.2981496 ,  0.51618147,
        0.1885063 ,  0.278898  ,  0.1624205 ,  0.2831401 ,  0.13583735],
      dtype=float32), 'adventures_of_huckleberry_finn': array([ 0.05936847,  0.04620354, -0.06742923, -0.18713775, -0.07914627,
       -0.14194961, -0.04317682,  0.09273614,  0.03589277, -0.07682987,
       -0.1141592 ,  0.1237546 ,  0.03683382, -0.0392931 ,  0.05843237,
        0.08293884,  0.04402122, -0.09625737,  0.03440489,  0.15857904,
       -0.0649581 ,  0.17163078,  0.14142668, -0.15096188,  0.08410604,
        0.02142123,  0.00075825, -0.24660346, -0.03520333,  0.12050267,
       -0.04289685, -0.12419456, -0.01024999, -0.08519051, -0.01212993,
        0.05987507,  0.01115726,  0.08823116,  0.04590786,  0.06134277,
        0.01465207,  0.0983953 ,  0.00714292,  0.0271736 , -0.05710986,
       -0.07636283,  0.06330822, -0.17708676,  0.09866899,  0.09112236],
      dtype=float32), 'cormac_mccarthy': array([ 0.09598361, -0.14150435,  0.02954254, -0.0240611 , -0.10038813,
        0.17836688,  0.0358741 , -0.07946943,  0.03669345, -0.12809344,
        0.06343333,  0.08187038, -0.19705097,  0.1846681 ,  0.04969805,
       -0.09542117,  0.06656369,  0.02484057, -0.02370956,  0.02095764,
        0.1498817 ,  0.04706397,  0.14081861, -0.06023927,  0.07413326,
       -0.10927512, -0.14969876,  0.1894006 ,  0.09808653, -0.02598522,
       -0.02692464,  0.01239718, -0.06089851,  0.00103019, -0.07383023,
        0.01939606,  0.01342088,  0.13024278,  0.04582701,  0.00663944,
        0.10548915,  0.08731698, -0.08669129, -0.12006024, -0.08159389,
       -0.18330152, -0.11296748, -0.01133666,  0.06634707,  0.10364146],
      dtype=float32), 'history_of_the_united_states': array([ 0.0107789 ,  0.2005927 , -0.3578382 ,  0.2836682 ,  0.09928957,
       -0.2837752 , -0.16196868,  0.39735517,  0.09278287, -0.01564111,
        0.15530238,  0.12174659,  0.5103928 , -0.15918323,  0.15923649,
        0.06556824, -0.11880975, -0.17455463, -0.04195991,  0.19042285,
       -0.44021255,  0.02532713, -0.1618833 ,  0.42735264, -0.10663076,
        0.09999115, -0.04019165,  0.19841246,  0.5045069 ,  0.46047652,
        0.04117199,  0.42692238,  0.06535869,  0.26212528,  0.05999248,
       -0.06322987,  0.44298244, -0.43571424,  0.03660811, -0.1567783 ,
       -0.39606962, -0.24612784, -0.27816945,  0.29847473,  0.312019  ,
        0.400594  ,  0.14759213,  0.20487078,  0.2932772 ,  0.03373409],
      dtype=float32), 'mark_twain': array([ 0.00916585,  0.25332096,  0.08749384, -0.08798075, -0.00791966,
       -0.1858113 ,  0.02958648,  0.33996534, -0.15283455,  0.04084476,
       -0.16292526,  0.0130982 , -0.02325115,  0.4725768 ,  0.06997037,
        0.02003762, -0.12219959, -0.01971517,  0.14171916,  0.21764782,
       -0.09435134,  0.05013556,  0.20296246, -0.00822736,  0.22928321,
       -0.0920908 , -0.20662266, -0.27590597,  0.05048004, -0.2100051 ,
       -0.03963238,  0.01880258,  0.16496526,  0.02342037,  0.08216777,
        0.04124919,  0.02938725,  0.08843061, -0.02247092, -0.10444552,
       -0.03551607, -0.15317093, -0.00810095, -0.0741791 , -0.12376937,
        0.01718621,  0.08362749, -0.04440723, -0.07814172,  0.260876  ],
      dtype=float32), 'john_dos_passos': array([ 0.09635046,  0.0625848 ,  0.1408017 , -0.00055432, -0.04071187,
        0.14564388,  0.01650422, -0.0352166 , -0.18874465,  0.03260165,
       -0.01717695,  0.08711471, -0.16672282,  0.06057955, -0.02081864,
       -0.03077595,  0.02475739,  0.1143771 ,  0.02185262, -0.06835736,
        0.17470519,  0.09705377, -0.05005722, -0.06009825, -0.10733406,
        0.07512668,  0.09165184,  0.14912476,  0.06824762, -0.00265208,
        0.15008883, -0.07593347,  0.01247505, -0.12694275,  0.12634754,
       -0.09138324, -0.17149295,  0.01541985,  0.13006964,  0.16070257,
        0.00256716,  0.16800153, -0.04320944, -0.03232386, -0.0057569 ,
       -0.12430541,  0.00788323, -0.14026713, -0.09503862, -0.12915842],
      dtype=float32), 'great_american_novel': array([ 0.06673063, -0.35793573,  0.08620857,  0.04809184, -0.00325429,
        0.4037938 , -0.16223666, -0.27016413,  0.22474319, -0.07779532,
        0.08957312, -0.11642145, -0.3568204 , -0.13463475, -0.00617536,
       -0.06451353,  0.27601498,  0.02158851, -0.07292849, -0.37432107,
        0.16139366, -0.20516722, -0.20632164, -0.05158848, -0.04324804,
        0.00274655,  0.17147446,  0.4295642 , -0.11626673, -0.12424821,
        0.11416706, -0.03888633, -0.16536362,  0.02481405,  0.01657986,
        0.04021173, -0.1835804 , -0.01343298, -0.02843574,  0.20554918,
        0.13241333,  0.17567782,  0.05330149, -0.04274684,  0.09753484,
       -0.27950442,  0.053816  , -0.00130163, -0.09696737, -0.49623686],
      dtype=float32), 'pbs': array([ 0.14153351, -0.10585002, -0.12590891,  0.24369244, -0.12661612,
       -0.11650281, -0.19412804,  0.14105727,  0.06839675, -0.03445416,
        0.1793242 ,  0.16046357,  0.21381065, -0.31008372,  0.01263166,
       -0.13066597, -0.00229922, -0.1496751 , -0.1913347 , -0.22133607,
       -0.15263969, -0.16443668, -0.06516649,  0.24184982, -0.27959037,
       -0.03444932,  0.22112264,  0.29563096,  0.17611977,  0.3375652 ,
        0.20628755,  0.33508462, -0.07444325,  0.04682292,  0.12742355,
       -0.12998134,  0.29802072, -0.13561188, -0.06747943,  0.07539646,
       -0.35119006, -0.16491431, -0.19204466,  0.12165507,  0.2935481 ,
        0.057365  ,  0.13732019,  0.26849934,  0.27955055, -0.04125529],
      dtype=float32), 'michael_chabon': array([ 0.11206461,  0.14321268,  0.13575478, -0.12791385,  0.09202264,
       -0.081595  ,  0.05646959,  0.09610927, -0.03146824,  0.04798055,
       -0.0845382 , -0.06414778, -0.10543505,  0.3276589 ,  0.04579799,
       -0.00317056,  0.12360516,  0.09410257,  0.0380789 ,  0.08908986,
        0.03360424,  0.06037665,  0.03101792, -0.19479416,  0.14741445,
       -0.17726022, -0.05458162, -0.14719076, -0.24483578, -0.02474874,
        0.04926559, -0.20524788, -0.07217947, -0.09339814, -0.07074036,
       -0.07040136,  0.01651482,  0.2326148 ,  0.11937167,  0.05287078,
       -0.00513201, -0.02229555,  0.08586169, -0.09665944, -0.22765042,
        0.07381146, -0.10597735, -0.03940187, -0.18310454,  0.03947814],
      dtype=float32), 'national_epic': array([ 1.37448087e-01, -2.36642018e-01, -2.80928821e-03,  1.51932940e-01,
        1.02483155e-02,  3.60053778e-01, -2.03273699e-01, -1.96901605e-01,
        1.32976934e-01, -2.27086157e-01,  1.61944240e-01, -1.62433445e-01,
       -2.29568765e-01, -1.42426834e-01,  1.59625828e-01, -1.04747400e-01,
        2.44785532e-01,  2.67585535e-02,  6.49036989e-02, -2.80305117e-01,
        5.49056977e-02, -1.42281413e-01, -2.22186416e-01, -3.43619660e-02,
       -5.64995036e-02,  1.23678751e-01,  1.81806788e-01,  3.08403671e-01,
        1.97782926e-02, -7.14577883e-02,  2.04641417e-01, -1.87962592e-01,
       -2.58959889e-01,  8.26228112e-02, -2.16685772e-01,  2.37799381e-04,
       -1.20058335e-01,  2.30976880e-01,  1.27069876e-01,  2.33505815e-01,
        6.48893714e-02, -3.91875692e-02, -1.35739416e-01, -2.08049342e-01,
       -5.05466200e-02, -1.56918511e-01, -1.85998008e-01,  4.95753996e-02,
       -9.86013636e-02, -4.43028420e-01], dtype=float32), 'beloved_(novel)': array([-8.38348269e-02, -1.23392874e-02,  7.54938126e-02, -2.21136138e-01,
        9.55521688e-02, -4.84455153e-02,  6.46200702e-02,  1.17763750e-01,
       -6.04532808e-02,  1.49117664e-01, -1.37808695e-01,  7.79408664e-02,
        8.41819867e-02, -2.68626530e-02, -6.68209270e-02,  1.45351708e-01,
       -1.08423352e-01, -3.84838209e-02,  1.56186283e-01,  1.48029476e-01,
       -8.35339129e-02,  2.23265842e-01,  1.13432452e-01, -4.96339686e-02,
        1.02884084e-01, -8.90934020e-02, -1.53089538e-01, -7.28073046e-02,
        3.00916322e-02,  2.23249346e-02, -1.07432917e-01, -3.07399489e-04,
        1.62097334e-03, -6.95623904e-02, -1.60232577e-02,  1.51700094e-01,
       -5.80641106e-02, -1.13209698e-03,  1.73338242e-02,  4.07134667e-02,
       -1.67723857e-02, -9.99646708e-02,  1.14766262e-01,  5.48227727e-02,
       -6.29497543e-02, -7.76386410e-02,  3.50510143e-02,  7.80321509e-02,
        1.03086576e-01,  3.10282201e-01], dtype=float32), 'j._d._salinger': array([-0.15294729,  0.0879598 , -0.07679654, -0.15883964, -0.01265524,
       -0.10470314,  0.13229622,  0.15477997, -0.07372474,  0.10282062,
       -0.08447388,  0.1265168 , -0.02633585,  0.3722316 ,  0.00451725,
        0.04350065,  0.0229181 ,  0.09610153, -0.05690633,  0.1942022 ,
       -0.09193925,  0.00250221,  0.09475315, -0.14866363,  0.13261555,
        0.00405938, -0.23624288, -0.26176557,  0.01891564, -0.12758684,
       -0.06886351, -0.1608042 ,  0.06197726, -0.04635878,  0.01965651,
        0.05986335,  0.00834989,  0.01687043,  0.01940335, -0.02615928,
       -0.06809942,  0.01528679,  0.05339123, -0.16866097, -0.05752936,
       -0.04925162, -0.0838787 , -0.03523048, -0.1615348 ,  0.1458327 ],
      dtype=float32), 'moby-dick': array([ 0.12734197,  0.06177473, -0.08529893,  0.08718099,  0.20616043,
       -0.21354993, -0.05391719,  0.08400622,  0.10048741,  0.05070537,
       -0.08668494, -0.03639612,  0.04677087, -0.20361766, -0.11540671,
        0.00207808, -0.20608619, -0.12509994,  0.14300175,  0.10802785,
       -0.16426952,  0.05980572,  0.06875169,  0.03644996,  0.07887607,
        0.01378723,  0.09914494, -0.30619246, -0.01784031,  0.1974828 ,
       -0.02837299,  0.16572624,  0.09426267,  0.00866366, -0.08023553,
        0.0092856 ,  0.1370918 , -0.09314618,  0.1209763 , -0.13848512,
       -0.2191811 ,  0.03572004,  0.00949404,  0.18032463, -0.17771322,
        0.17896648,  0.03264532,  0.00098605, -0.00986975,  0.39086324],
      dtype=float32), 'richard_rodriguez': array([ 0.11275984, -0.18159847,  0.0175772 , -0.04415119, -0.17088644,
        0.30755886, -0.06091784, -0.3179526 ,  0.07938525, -0.15571481,
       -0.14290918,  0.05163841, -0.12365284,  0.13238372,  0.05263082,
        0.05228911,  0.02739573,  0.13868548, -0.0210019 , -0.17326272,
        0.13263577, -0.20464227, -0.18716411, -0.07329448, -0.08999246,
        0.10932753,  0.08796361,  0.13840401, -0.0324287 , -0.13425477,
        0.03907469, -0.23296909, -0.18268293, -0.10180683, -0.01793464,
        0.04613943, -0.20344226,  0.12600166,  0.11535778,  0.18568805,
        0.11560591,  0.11788982,  0.01484267, -0.13374281, -0.20249502,
        0.0268856 , -0.04866014,  0.08021491, -0.03026587, -0.35746938],
      dtype=float32), 'margaret_mitchell': array([-0.12779815,  0.07773039,  0.07713684, -0.1468327 ,  0.08658456,
       -0.12152661,  0.11935549,  0.1406826 , -0.10649428,  0.10469075,
       -0.16695596, -0.00458354, -0.03371023,  0.22965792, -0.0890023 ,
        0.08003913,  0.05716764, -0.05384269,  0.03326738,  0.15203202,
        0.00292827,  0.04420099,  0.16620761, -0.04225939,  0.16071439,
       -0.06681166,  0.07199437, -0.09899681,  0.12134389,  0.07628799,
        0.03630837, -0.077301  ,  0.14282459,  0.04557376, -0.11738037,
        0.08441414,  0.13376911, -0.10169445, -0.03086406, -0.15689556,
       -0.05402878,  0.03252778,  0.15638657,  0.10306559,  0.04464608,
       -0.02428649,  0.02956929, -0.05199214, -0.14420454,  0.05645258],
      dtype=float32), 'the_great_gatsby': array([ 0.09814775,  0.15576087,  0.01497839,  0.02253159,  0.07561584,
       -0.02948069,  0.1167412 , -0.03441267, -0.00063808,  0.10951743,
       -0.08946396,  0.06348686,  0.029498  , -0.06974413, -0.04007386,
        0.06363049,  0.04435854,  0.01613623, -0.02652766,  0.16398394,
        0.07934348,  0.12070049,  0.01092023,  0.10297475,  0.06176984,
        0.0829414 , -0.18083058, -0.14923918,  0.09588337, -0.00869068,
        0.05664679,  0.03731782, -0.00306051,  0.1111192 , -0.04225215,
       -0.00788054, -0.07416845, -0.08853646,  0.06233789,  0.01675518,
        0.0026438 , -0.05997376,  0.08927074,  0.14719644, -0.10372594,
        0.08769806,  0.03898714, -0.1506608 ,  0.04440956,  0.01789381],
      dtype=float32), 'university_of_manchester': array([ 0.06746718,  0.1417854 , -0.339096  ,  0.2821306 ,  0.03878816,
       -0.13103777, -0.18282658,  0.09822121, -0.04291356,  0.12014733,
        0.06766247,  0.02785636,  0.44154367, -0.3291019 , -0.06896756,
       -0.10840569, -0.25199056, -0.11706107, -0.12610416,  0.05515041,
       -0.33985293,  0.09625805, -0.19598222,  0.3308338 , -0.22035496,
       -0.05585124,  0.20997457,  0.22889636,  0.24790008,  0.34899274,
        0.21555097,  0.33859485,  0.14318965,  0.09061692,  0.04987359,
        0.02993278,  0.2964916 , -0.2651455 , -0.00207571, -0.21236722,
       -0.17870486, -0.21844935, -0.02704998,  0.1785632 ,  0.28155294,
        0.12436324,  0.01751154,  0.17396906,  0.12182659, -0.0533174 ],
      dtype=float32), 'western_canon': array([-0.12666637,  0.05935992, -0.09492624,  0.1461171 , -0.0321573 ,
       -0.16867413, -0.03566734,  0.1259098 , -0.05212856,  0.03470984,
       -0.07187368,  0.07244679,  0.39047578, -0.09173656,  0.02899946,
       -0.12859108, -0.10981991, -0.1436248 , -0.16157961,  0.17083421,
       -0.27132955,  0.07605261, -0.04213794,  0.2247294 , -0.24633084,
        0.06965268,  0.06114857,  0.01686235,  0.32817987,  0.18971431,
       -0.00846517,  0.25541008,  0.14078312,  0.13629012,  0.10656625,
       -0.14754143,  0.26905715, -0.28960302, -0.12523109, -0.1941772 ,
       -0.15414757, -0.06438946, -0.25770727,  0.22173893,  0.36510956,
        0.07042079,  0.15390033,  0.12054691,  0.11521776,  0.07234027],
      dtype=float32), 'to_kill_a_mockingbird': array([ 0.02976288,  0.05972396, -0.12497663, -0.06387338,  0.19239488,
       -0.32594222,  0.13647719,  0.10056873,  0.0855386 ,  0.06063329,
        0.06162089,  0.1221323 ,  0.0157756 , -0.0085057 , -0.09598968,
        0.13606058, -0.02253676,  0.07426853,  0.04040221,  0.06196758,
        0.05810107,  0.01817741,  0.02524427, -0.14863652,  0.02504663,
        0.07510624, -0.13980281, -0.31365952, -0.07426947,  0.0177866 ,
        0.00770389,  0.03155276, -0.08795305, -0.08996602,  0.05316306,
       -0.02961433, -0.13950866, -0.11334372,  0.04106097,  0.03941324,
        0.03854281,  0.03007592,  0.04801865,  0.04516523, -0.00683341,
        0.0947226 ,  0.03839552, -0.16016003,  0.11513983,  0.18022236],
      dtype=float32), 'american_english': array([ 3.01268194e-02,  2.13278234e-02, -4.79891971e-02,  4.22436118e-01,
       -9.24564674e-02,  5.43121137e-02, -1.06056839e-01,  1.77733541e-01,
        3.17252949e-02, -9.60678309e-02,  1.72040403e-01,  6.77435007e-03,
        3.24130416e-01, -2.19212338e-01,  1.44050553e-01,  1.38864797e-02,
        6.35405257e-02,  3.11855947e-05,  2.10215561e-02, -9.93528068e-02,
       -2.54429579e-01, -1.92456059e-02, -2.85650454e-02,  3.47062737e-01,
       -1.31509840e-01,  2.25500405e-01,  2.53402025e-01,  3.29915732e-01,
        2.01060668e-01,  1.29146546e-01,  7.56042898e-02,  2.05608860e-01,
       -1.05721116e-01,  5.16064316e-02,  5.72983548e-02, -1.02609076e-01,
        2.23453313e-01, -1.91722825e-01,  4.04691100e-02,  9.41459388e-02,
       -2.13108525e-01,  1.65320430e-02, -2.58689106e-01,  2.06430390e-01,
        4.13805187e-01,  1.66345760e-01,  1.62301809e-01,  4.63481881e-02,
        3.42943311e-01, -2.29076877e-01], dtype=float32), 'john_william_de_forest': array([ 0.06642314, -0.24025589,  0.07078611,  0.17096587, -0.19806875,
        0.1840795 ,  0.04758865, -0.12360334,  0.11455765,  0.05389739,
        0.11701504, -0.1032235 , -0.14850996, -0.12648417,  0.11323515,
       -0.03116059,  0.10803161,  0.15857264,  0.09278966, -0.33067107,
        0.204452  , -0.23992158, -0.20080909,  0.04502506, -0.25678867,
        0.01133379,  0.19385472,  0.32286468,  0.10747828,  0.04402955,
        0.17743678, -0.04107778, -0.11239216, -0.07160953,  0.00527623,
       -0.07568234, -0.17849502, -0.02162024, -0.03385052,  0.25445902,
        0.13962515,  0.078471  ,  0.08941068, -0.11362424,  0.00539824,
       -0.04416056, -0.0469705 ,  0.01312333, -0.09847336, -0.25075498],
      dtype=float32), 'the_scarlet_letter': array([-0.02650798,  0.08060002,  0.05236446,  0.01931253, -0.03206816,
        0.08221232, -0.06037885,  0.07496658, -0.13252082, -0.08020923,
        0.00572433,  0.15696572,  0.01028135,  0.17002964, -0.08799466,
        0.04249772,  0.0139913 ,  0.1366235 ,  0.20592608,  0.09199321,
        0.0952228 , -0.11269967,  0.19996095, -0.15666969,  0.13622813,
        0.06130788,  0.09867078,  0.09401613, -0.12008709, -0.16516213,
        0.05790926,  0.02896323, -0.11768717, -0.06719616, -0.03189277,
        0.04602364, -0.18490055,  0.03115731,  0.15771942, -0.09205754,
        0.05533504, -0.05333516, -0.02923566,  0.0480562 , -0.02747369,
        0.00848648, -0.05887838,  0.07036812, -0.07722456,  0.14212775],
      dtype=float32), 'toni_morrison': array([ 0.05577945,  0.17585407, -0.09460813,  0.0416172 ,  0.06796073,
       -0.09187113, -0.03456497,  0.07240693, -0.09008554,  0.00502116,
       -0.13523847, -0.08427983,  0.04938387,  0.06144466, -0.17046237,
        0.09729955, -0.11273925, -0.01029489,  0.03008642,  0.03795716,
       -0.00025113,  0.05949719,  0.11534621, -0.00391214, -0.03148329,
       -0.03794812, -0.15712018, -0.07080543, -0.01338176,  0.10696968,
        0.01990816, -0.02197562,  0.14134258,  0.05050877, -0.11231612,
        0.10404008, -0.05433252,  0.06149899, -0.13676815, -0.15530765,
       -0.07332614,  0.03805989,  0.14198485,  0.00899079, -0.02006875,
       -0.02461799,  0.02308543, -0.1668554 , -0.05353051,  0.18476088],
      dtype=float32), 'gilead_(novel)': array([-0.0455188 , -0.1327868 ,  0.16859904, -0.05216583,  0.02565581,
        0.1677682 , -0.0869862 , -0.02476393,  0.08566683,  0.08626136,
        0.07706719, -0.02343684, -0.17762569,  0.18616435, -0.13120925,
        0.07061551,  0.08863141,  0.0598458 , -0.04642665, -0.01073388,
        0.01918213,  0.06594931, -0.09870134, -0.064607  ,  0.06947947,
       -0.16645172,  0.08295847, -0.01948767, -0.01223171, -0.15914814,
       -0.01080944, -0.04037404,  0.10872497, -0.07662425, -0.1736863 ,
        0.07683843,  0.06493878, -0.0752473 ,  0.10687675, -0.03819526,
        0.05401308,  0.15005708, -0.02910733, -0.11686269,  0.14224598,
       -0.16365637, -0.10717834, -0.05182184, -0.07214019, -0.1514471 ],
      dtype=float32), 'the_grapes_of_wrath': array([-0.08121055, -0.12668371,  0.06920786,  0.06088674, -0.06417002,
        0.04634978, -0.00900212,  0.01322274,  0.04296266, -0.03763624,
        0.15038781,  0.09554432, -0.08459724, -0.14541405, -0.02820293,
        0.05508413, -0.22113691,  0.02963897,  0.03265002,  0.08890525,
       -0.0047001 , -0.07523596, -0.03866883, -0.05512226, -0.02786712,
        0.11999093,  0.07328622, -0.08503719,  0.12174594,  0.10447651,
        0.09796703, -0.1355184 , -0.12481704, -0.00032639, -0.10937019,
        0.04040903, -0.11182812,  0.11079374, -0.02916672, -0.07551441,
        0.00082623, -0.04764134,  0.1409328 ,  0.08895488,  0.01466941,
        0.11532711, -0.1026235 , -0.08121198,  0.00811293, -0.03350537],
      dtype=float32), 'ralph_ellison': array([ 0.03555453,  0.05311291,  0.00764983,  0.04617292, -0.03936785,
        0.0595303 , -0.0774162 ,  0.10773253, -0.07756071, -0.01563103,
        0.0030923 , -0.00652188,  0.06787904,  0.16551809,  0.13774796,
       -0.05431087,  0.06279249,  0.18317446,  0.04187373,  0.07202153,
        0.12363898,  0.03447653,  0.0742762 , -0.079257  ,  0.13383524,
       -0.08500635, -0.06002891,  0.04433013, -0.16092004, -0.11970874,
       -0.09055072, -0.02362152, -0.04404724, -0.08021422, -0.01539106,
       -0.07138547,  0.05190601,  0.09645592,  0.029369  , -0.05169697,
       -0.03046845, -0.02469295, -0.10223742, -0.12865141, -0.15983903,
        0.08050255,  0.02467145,  0.13925488, -0.11271654, -0.14096011],
      dtype=float32), 'david_foster_wallace': array([-0.10493643, -0.04259956,  0.12897003, -0.03345238, -0.09363338,
       -0.01895554, -0.06621662, -0.1306859 ,  0.02517074,  0.04426304,
        0.05853458,  0.12907936, -0.14914392,  0.13778988, -0.0274907 ,
       -0.04535126, -0.08287197,  0.09920899,  0.14128602,  0.06333737,
        0.11803972, -0.08882712, -0.03985412,  0.13414422,  0.03574905,
        0.04591571,  0.06493971, -0.08115011, -0.14709876, -0.03610794,
       -0.11216849, -0.01503862, -0.10246234, -0.13119933,  0.10682677,
        0.00295069, -0.03743672,  0.11027999,  0.10438403, -0.10135572,
       -0.11496022,  0.08133045,  0.10719512,  0.0092831 ,  0.02741558,
       -0.05961059, -0.05316183,  0.07190165, -0.08352152,  0.00691523],
      dtype=float32), 'philip_roth': array([ 0.1051141 , -0.03862817, -0.00880091,  0.01203174,  0.08066956,
        0.04002033,  0.03316161,  0.12666352, -0.04324545, -0.1117438 ,
        0.07986578, -0.05743054, -0.08814659,  0.00320608, -0.06603521,
        0.06530401, -0.08363557, -0.03652322, -0.05067297, -0.07122993,
        0.08052149,  0.02814553, -0.04512628,  0.07719517,  0.11875181,
        0.10936497,  0.08411843, -0.1684608 ,  0.01826401,  0.00733809,
       -0.13751915, -0.08802133, -0.0287016 , -0.08320353,  0.03642579,
        0.06298926,  0.02617293,  0.0289275 ,  0.03797972,  0.07253755,
        0.02150092,  0.09773384,  0.12960593,  0.12533617,  0.02923406,
        0.06671277, -0.04208013, -0.1210345 ,  0.14237297,  0.06449435],
      dtype=float32), 'nathaniel_hawthorne': array([-4.13758643e-02,  1.23053063e-02, -1.15067981e-01, -6.61601685e-03,
       -5.32767810e-02, -1.10854007e-01,  6.43788725e-02,  1.27269715e-01,
       -1.30708188e-01,  9.88305360e-02, -8.52055028e-02,  2.13860366e-02,
        3.73493247e-02,  1.66352510e-01,  7.80180842e-02,  8.49345103e-02,
        1.12375826e-01, -2.79053859e-02,  1.03803398e-02, -1.72011525e-04,
       -1.38344496e-01,  3.80960591e-02,  1.86220467e-01,  8.86427984e-03,
        8.62601548e-02, -2.25950708e-03, -1.09001182e-01,  5.66900242e-03,
       -3.20974365e-02, -1.39994323e-01,  4.26803045e-02, -5.84097803e-02,
       -3.45232263e-02, -9.97611955e-02,  9.05168802e-02,  6.90065771e-02,
        1.58512250e-01,  5.58581911e-02, -9.45736771e-04,  6.17702976e-02,
        5.84919043e-02, -5.24363331e-02, -1.08045879e-05,  9.56950486e-02,
       -1.16712682e-01,  9.80617851e-02,  2.54369285e-02, -5.49992397e-02,
        1.21932551e-02,  3.85846905e-02], dtype=float32), 'lonesome_dove': array([-0.06807524,  0.00720727,  0.037425  , -0.00321972,  0.09080532,
        0.11275771, -0.0088202 , -0.1267409 , -0.12516697,  0.0179843 ,
       -0.02782859, -0.1134325 , -0.05737171,  0.12990962,  0.05867752,
       -0.09986477,  0.02779453,  0.10169798, -0.00436133,  0.131138  ,
       -0.08824617,  0.09171476, -0.0943248 ,  0.06850751,  0.03647017,
       -0.11042359, -0.03396234, -0.00100884, -0.03029739, -0.00238723,
       -0.04945774,  0.06717367, -0.08118869,  0.05283267, -0.11634548,
       -0.0464813 , -0.06328635, -0.10414551,  0.11710663,  0.0313759 ,
        0.00699594,  0.03695238, -0.03735828, -0.03868232, -0.13991341,
       -0.09546812,  0.06003164, -0.01593044,  0.01734718, -0.07606374],
      dtype=float32), 'henry_fonda': array([-0.09098651,  0.16210783,  0.10390729, -0.1960963 , -0.00450613,
       -0.06066959,  0.02456554, -0.03344354, -0.04676214,  0.08244321,
       -0.1251012 ,  0.01390127,  0.03643611,  0.42913082, -0.09194595,
       -0.08534298,  0.11947586, -0.02540436, -0.05941327,  0.17948456,
        0.01967241,  0.09139077,  0.15779747, -0.19562107,  0.14717759,
       -0.1642446 , -0.15129042, -0.10454565, -0.13632107, -0.38069183,
       -0.03652956,  0.01802043, -0.06320447, -0.05979544, -0.02539908,
        0.07398977,  0.04081428,  0.08608397, -0.00349716, -0.13704239,
        0.15405068,  0.08683214,  0.07366456, -0.0135047 , -0.04383419,
       -0.12281302, -0.02432955,  0.00421476, -0.14967673,  0.21227679],
      dtype=float32), 'james_fenimore_cooper': array([ 0.09142806, -0.02370558, -0.09720049, -0.12511392, -0.1483683 ,
       -0.13378227, -0.04339141, -0.00092537, -0.22796932,  0.09003389,
       -0.0252472 ,  0.01564986,  0.01975608,  0.22083835,  0.22552149,
       -0.02222735, -0.10892217, -0.14196661,  0.15733525,  0.05197414,
        0.15558484,  0.06225806,  0.12063607,  0.11650547,  0.07343102,
       -0.03689647, -0.03953036,  0.00988426, -0.01652258, -0.09649842,
        0.00774967, -0.05600421,  0.03443397, -0.02879335,  0.11420059,
       -0.16093102, -0.05725387, -0.07762539,  0.23332776,  0.06721502,
       -0.01877415, -0.13410386, -0.01289682, -0.02503871, -0.14799607,
       -0.08016688,  0.08231833, -0.02851276,  0.02585774,  0.01872217],
      dtype=float32), 'underworld_(delillo_novel)': array([-1.49414018e-02, -2.17416044e-02,  2.05948591e-01,  4.43042777e-02,
        1.87964737e-02,  6.71740174e-02, -1.49381235e-01, -2.70813793e-01,
        5.25687151e-02, -1.19059138e-01, -1.62562653e-02,  3.21352966e-02,
       -1.60452887e-01, -2.13258006e-02, -1.04573801e-01,  6.17947020e-02,
        2.06880137e-01,  1.04271725e-01,  1.17537707e-01, -2.25352511e-01,
        1.11069180e-01, -1.24382498e-02,  2.79035680e-02, -8.80589932e-02,
        9.54923406e-02,  7.86890015e-02,  1.14494860e-01,  2.22830310e-01,
       -3.83496955e-02, -1.14512645e-01,  1.03001513e-01, -3.08425340e-04,
       -1.65886637e-02,  8.57040882e-02, -2.42947657e-02, -1.55728132e-01,
       -1.33133903e-01,  2.02847552e-02,  1.69907641e-02,  2.01006591e-01,
        2.49896556e-01,  4.41905782e-02,  3.35129052e-02,  4.29052487e-02,
        2.12033745e-02,  8.58266794e-05,  4.86509316e-03, -1.02104984e-01,
       -6.27503991e-02, -8.90282393e-02], dtype=float32), 'fiction': array([ 0.01730553, -0.20801796, -0.13428651,  0.101754  , -0.1144407 ,
        0.2446972 , -0.1545024 , -0.05131799,  0.16825905,  0.04014573,
        0.0091209 ,  0.03057471, -0.00823112, -0.3394952 , -0.07996859,
       -0.07417835,  0.08007149, -0.02033562, -0.10064638, -0.27500507,
       -0.00538018,  0.01684139, -0.22884259,  0.08407299, -0.05701574,
        0.04274559,  0.01506372,  0.25673735, -0.12548791,  0.12748282,
       -0.04690704,  0.08916727, -0.20180179,  0.09434177,  0.09060285,
       -0.04001611, -0.16031879,  0.031276  , -0.07936694, -0.00722262,
       -0.0793888 , -0.12390032,  0.03918596,  0.1218403 ,  0.01713345,
       -0.09693486,  0.01859949,  0.04453285,  0.19894029, -0.36320263],
      dtype=float32), 'harriette_simpson_arnow': array([-0.1084367 , -0.21527275,  0.12072682,  0.07502936, -0.00206603,
        0.39257643, -0.00205685, -0.4284107 ,  0.26627922, -0.039608  ,
        0.00063271, -0.21272711, -0.33456895, -0.1070763 ,  0.12718403,
       -0.14307301,  0.28628448,  0.08527508,  0.13948216, -0.1798235 ,
        0.30301216, -0.02179633, -0.1788202 , -0.17771523,  0.06346391,
        0.01315575,  0.29708683,  0.25366646, -0.18218425, -0.24076201,
       -0.03389386, -0.24963027, -0.11197558, -0.02677892, -0.15476726,
       -0.01720998, -0.19935007,  0.19963238,  0.09424916,  0.34638488,
        0.23213008,  0.1489764 ,  0.08227741, -0.07421783, -0.17155902,
       -0.0387882 , -0.00063924,  0.0689953 , -0.25209495, -0.5014928 ],
      dtype=float32), 'the_last_of_the_mohicans': array([ 0.05023907,  0.10342946, -0.18492453,  0.11063748, -0.07258361,
        0.04041255, -0.05713885,  0.13821116,  0.0192766 ,  0.04491249,
        0.08110187,  0.14358506,  0.03510251,  0.04306986, -0.17642736,
        0.01131741,  0.03489421,  0.04347358, -0.1201882 ,  0.07786451,
        0.03027412,  0.00165524,  0.04192192,  0.07673041, -0.20124029,
        0.00721118, -0.05993085, -0.02128668,  0.1902592 , -0.0109541 ,
       -0.00604949,  0.04682801, -0.04441553,  0.10910849,  0.01935859,
       -0.0135027 ,  0.06122481, -0.22807668,  0.09368534, -0.10322945,
       -0.06397501, -0.159462  , -0.1381417 ,  0.11142535,  0.14006254,
       -0.04484538, -0.00525843,  0.00853091,  0.0366882 ,  0.04815102],
      dtype=float32), 'ernest_hemingway': array([-0.00512577, -0.00545618, -0.01140856, -0.06535874, -0.05459271,
       -0.27049497,  0.1400287 ,  0.17020507, -0.08385579,  0.13545811,
       -0.17248496, -0.07777072,  0.07369763,  0.2610037 ,  0.02659722,
        0.10446873, -0.07905413, -0.05767858, -0.01449041,  0.20223656,
        0.02400901,  0.15812817,  0.14757435, -0.01591854,  0.23599626,
       -0.05674647, -0.07498099, -0.10894585,  0.02117917, -0.07108929,
       -0.02981524, -0.13762747,  0.04615188, -0.07207737,  0.00743236,
        0.10537218, -0.05949227,  0.04187946, -0.00148164, -0.02561246,
       -0.07245932,  0.0695268 ,  0.18390733, -0.0569496 , -0.1178757 ,
       -0.1025371 , -0.02728971, -0.16135918,  0.00213853,  0.367847  ],
      dtype=float32), 'larry_mcmurtry': array([ 0.06495724, -0.17232493,  0.13431352,  0.03684034, -0.18403986,
        0.36723545, -0.11460117, -0.3235    , -0.04014554,  0.05650818,
       -0.1009245 ,  0.04763088, -0.16855618,  0.11962891,  0.06543962,
        0.01241746,  0.09513008,  0.18509112,  0.01143071, -0.13321345,
        0.09101907, -0.08954104, -0.00478317, -0.17523836,  0.06824119,
        0.04499423,  0.12430214,  0.17189763, -0.23185307, -0.11214106,
       -0.02452048, -0.0406871 , -0.09501021, -0.07071967,  0.02199925,
        0.05624432, -0.02024163,  0.21512906,  0.10233852,  0.01696714,
        0.2937451 ,  0.1176005 , -0.0021607 , -0.08414521, -0.14612827,
       -0.15416574, -0.04483106,  0.10099479, -0.19416967, -0.14763594],
      dtype=float32), 'fantastic_four': array([ 0.02340073,  0.14047338, -0.12106797,  0.15061933,  0.0878377 ,
       -0.1845195 , -0.05502998,  0.22923902, -0.06518482, -0.10655732,
       -0.02508152,  0.17530803,  0.39286137, -0.09720138, -0.03520555,
       -0.05510348,  0.05422365, -0.07102501, -0.151807  ,  0.00653602,
       -0.13916658,  0.14337903, -0.07332978,  0.2870923 ,  0.03819305,
       -0.05147623, -0.0265142 ,  0.05916347,  0.31928334,  0.2341516 ,
        0.07851379,  0.3617386 ,  0.00463083, -0.01203929,  0.18762682,
       -0.04913539,  0.32889795, -0.13018322, -0.1362569 , -0.25312033,
       -0.2414239 , -0.1970761 , -0.14522177,  0.279065  ,  0.30846262,
        0.13131082,  0.0413629 , -0.02743219,  0.31436878,  0.16434446],
      dtype=float32), 'j_r': array([ 0.05184278, -0.11246306,  0.11450054, -0.10302042, -0.14149567,
        0.09901357,  0.07040562, -0.17488576, -0.01957359, -0.09106275,
        0.11426601, -0.12610435, -0.32211095,  0.11068694, -0.04683924,
       -0.12858073,  0.07640988,  0.02125588,  0.06790423, -0.22540744,
        0.06742875, -0.03727491, -0.01424134, -0.18388596, -0.08616555,
       -0.04026347, -0.04727784,  0.2109094 , -0.04953884, -0.26708117,
       -0.06024167, -0.00749394, -0.15485238,  0.08832663, -0.00683113,
       -0.0474828 , -0.12103087,  0.02611269, -0.06102699,  0.03972925,
        0.12462454, -0.04063339,  0.15214565, -0.10938178,  0.00990459,
       -0.01859744, -0.01989274, -0.03732815,  0.00307292, -0.11545091],
      dtype=float32), 'richard_wright_(author)': array([ 0.04244763,  0.01383431,  0.10497763, -0.10547565, -0.1373361 ,
       -0.18308698,  0.03225433,  0.08854712, -0.2059145 ,  0.08374074,
       -0.05359047,  0.04573778, -0.1063603 ,  0.28730017, -0.08573253,
        0.12912956,  0.05483083, -0.03450715,  0.09209963,  0.20630677,
       -0.02327605,  0.06911161,  0.2733639 , -0.03669314,  0.2648747 ,
       -0.12252828,  0.00685975, -0.20534074,  0.09598672, -0.32213014,
        0.03217632, -0.17082007,  0.08304711, -0.04238162,  0.09146874,
        0.12953614,  0.09097867,  0.08426871, -0.01951392, -0.20084628,
        0.02327035,  0.00371503,  0.1866982 , -0.1634878 , -0.09673859,
        0.07201728, -0.12140787,  0.04571249, -0.09823935,  0.14472347],
      dtype=float32), 'john_updike': array([ 0.0241663 , -0.01112593,  0.07720721, -0.08186813, -0.04145547,
       -0.16817583, -0.06823482,  0.22110902,  0.02985069, -0.01034841,
        0.06368389, -0.00457498,  0.11248685,  0.14425135,  0.01994098,
        0.03835731,  0.06900634, -0.01112358, -0.0631303 ,  0.13904652,
        0.12214402, -0.0199072 ,  0.06065596, -0.05464782, -0.03406217,
       -0.03152518, -0.08328231, -0.17300576,  0.18369807, -0.03361456,
       -0.09244287, -0.10988121,  0.08926156,  0.01181161, -0.07217469,
        0.05511798,  0.04978454,  0.09941319, -0.01761459, -0.15384199,
        0.08782137, -0.15161   , -0.01967818,  0.04334602, -0.02635363,
        0.12934868,  0.08135867, -0.05857983, -0.01245104,  0.13897038],
      dtype=float32), 'william_faulkner': array([-0.00759974,  0.07755204,  0.14247195, -0.22253112, -0.03660401,
       -0.07869693,  0.12969579,  0.08117753, -0.00694175,  0.01191468,
       -0.0111601 ,  0.00287129, -0.22033963,  0.07693748,  0.01806706,
        0.04562728,  0.01295976,  0.14248887,  0.11951668,  0.11225791,
        0.00028915,  0.13589607, -0.00620177, -0.00032388, -0.02005252,
       -0.08173271, -0.12001403,  0.01514363, -0.16900705, -0.22299059,
        0.0759722 ,  0.02359291, -0.11480267,  0.00536931, -0.0530583 ,
       -0.02449634,  0.05696439, -0.01265303, -0.02926947, -0.02132366,
        0.20752242,  0.09155874,  0.18016014,  0.04084754, -0.23272632,
       -0.18670282, -0.14255314, -0.15824044, -0.04046779,  0.03186086],
      dtype=float32), 'saul_bellow': array([ 0.0281061 , -0.05570363,  0.07753479,  0.00367924,  0.08012927,
       -0.08437601,  0.05001971, -0.00410549,  0.02028516,  0.00303089,
       -0.06227415, -0.01456057,  0.01101828,  0.14792801, -0.11416579,
       -0.04930875, -0.13982686,  0.01655479,  0.03950591,  0.07812516,
        0.02597634,  0.12260967, -0.07957261, -0.08206805,  0.00918747,
        0.03663237,  0.06530347, -0.248685  , -0.03872696, -0.0106232 ,
       -0.05013688, -0.00137788,  0.0675206 , -0.01128732, -0.00834171,
       -0.06460258, -0.00287149,  0.00361639,  0.13641188,  0.00425963,
       -0.05610179,  0.00221583, -0.04834204,  0.09047103, -0.17302923,
       -0.0763788 ,  0.05648347, -0.03644285, -0.11929189, -0.03766277],
      dtype=float32), 'the_grapes_of_wrath_(film)': array([-0.00985238,  0.03491409,  0.03439539, -0.07146377,  0.01720981,
       -0.11831577, -0.04103785, -0.12820219, -0.02495875,  0.09116597,
        0.07879613, -0.07487901,  0.08638028, -0.05752177,  0.02839618,
       -0.1212    ,  0.01466161, -0.10169828,  0.03514559, -0.13584198,
        0.04586337, -0.08440182,  0.02715708, -0.07842401,  0.04111337,
       -0.01789485, -0.12308677, -0.04236587, -0.03903567,  0.17120932,
       -0.02692259,  0.00781523, -0.00943418, -0.06464905, -0.01346235,
        0.00947844, -0.12375594,  0.03242592, -0.1848635 , -0.04166111,
       -0.12452732, -0.03074595,  0.07853798,  0.08590207,  0.09249864,
       -0.01958215, -0.04128411,  0.10410757,  0.0115081 ,  0.09559419],
      dtype=float32), 'an_american_tragedy': array([ 0.03879872, -0.17040871, -0.06700625, -0.12880081, -0.1811668 ,
        0.22324368,  0.10084074, -0.23965064,  0.16492625, -0.14456078,
        0.10522413,  0.01794199, -0.10623814, -0.02030311, -0.11613029,
        0.08149243,  0.12661554,  0.05382977, -0.0583312 , -0.2312299 ,
        0.22849765, -0.0261778 ,  0.01739467,  0.03589753,  0.07183033,
        0.11557338,  0.17271091,  0.16642955, -0.11927687, -0.180619  ,
       -0.10251199, -0.2097261 , -0.07617901, -0.07370391, -0.07180871,
        0.02262606, -0.0871184 ,  0.0824417 ,  0.14257245,  0.12280759,
        0.19653514,  0.16572621, -0.09235953, -0.01706149, -0.07847428,
       -0.18719098, -0.16671646, -0.01937586, -0.16116846, -0.28542393],
      dtype=float32), 'john_steinbeck': array([ 4.06102017e-02,  2.98607815e-02,  1.39829637e-02,  4.68056574e-02,
        1.82189718e-01, -7.46762976e-02, -4.86329645e-02,  1.41755804e-01,
       -9.86155644e-02,  1.88772187e-01, -1.00670569e-01, -4.63963896e-02,
        6.13815747e-02,  3.44772413e-02,  8.95269364e-02,  6.50652722e-02,
       -5.81321493e-02,  1.02519542e-02, -2.83059152e-03,  1.34248480e-01,
        5.40797822e-02,  1.41255870e-01,  1.84040353e-01,  8.69453847e-02,
       -1.07534630e-02, -5.34765087e-02,  5.57842515e-02, -2.30978519e-01,
        5.24256453e-02,  1.04637496e-01, -4.84275781e-02, -3.81649509e-02,
        9.72764492e-02, -1.36462469e-02, -1.06887646e-01,  1.08997263e-01,
        8.80644172e-02, -1.59287855e-01, -7.95334429e-02, -8.11346918e-02,
       -2.24151257e-02, -9.13313255e-02, -1.34319882e-04,  8.98168012e-02,
       -8.72248188e-02, -3.84358950e-02,  7.50942007e-02, -1.26842231e-01,
        5.77855781e-02,  1.92482620e-01], dtype=float32), 'marilynne_robinson': array([-6.74077496e-02, -1.44014210e-01,  1.37982517e-01, -3.63759957e-02,
       -6.73607513e-02,  2.49525398e-01, -1.08305648e-01, -3.40447217e-01,
        1.14163220e-01,  8.25435203e-03,  3.52023393e-02,  3.81035358e-02,
       -1.53900787e-01, -1.69541016e-01,  7.00851977e-02, -3.45840938e-02,
        1.57680437e-02,  1.58088192e-01, -1.37097508e-01, -1.97387725e-01,
       -2.36050633e-04, -9.24562514e-02, -2.65168369e-01, -1.75981998e-01,
        1.78655330e-02,  9.93167087e-02,  2.27556556e-01,  2.62863338e-01,
        9.12500098e-02, -1.22220822e-01,  1.41701862e-01, -5.29406928e-02,
       -6.33703843e-02,  1.74164951e-01, -1.94254965e-01, -9.02352706e-02,
       -2.42164522e-01,  1.90631971e-01, -2.59366762e-02,  2.95640975e-01,
        7.37123117e-02,  1.84707016e-01, -4.25223708e-02, -7.76438266e-02,
       -1.52136043e-01, -1.70561641e-01, -6.94264174e-02,  1.14071645e-01,
       -3.70479599e-02, -2.70135641e-01], dtype=float32)}
Successfully wrote to 3layer_50neuron_50emb_0.pkl
