Network options:
3 hidden layers
50 neurons/hidden layer
100 embedding dim
Vocab size: 25380
Number of classes: 80
WikiClassifier(
  (word_embeddings): Embedding(25380, 50)
  (model): LSTM(50, 50, num_layers=3)
  (hidden2class): Linear(in_features=50, out_features=80, bias=True)
)
Epoch 0 complete
Time: 42.40
Average in-sample loss: 4.133254997457425
In-sample accuracy: 0.05116568784481224
Average dev loss: 4.106441746742275
dev accuracy: 0.060498220640569395
Epoch 1 complete
Time: 43.38
Average in-sample loss: 4.102839106405136
In-sample accuracy: 0.05169959067449724
Average dev loss: 4.091588665327568
dev accuracy: 0.060498220640569395
Epoch 2 complete
Time: 42.92
Average in-sample loss: 4.068745673540797
In-sample accuracy: 0.05864032746040221
Average dev loss: 4.049970057171859
dev accuracy: 0.06334519572953737
Epoch 3 complete
Time: 43.68
Average in-sample loss: 4.026628203251159
In-sample accuracy: 0.06469122619683218
Average dev loss: 4.008006285093857
dev accuracy: 0.06548042704626335
Epoch 4 complete
Time: 41.72
Average in-sample loss: 4.007772961796168
In-sample accuracy: 0.06540309663641217
Average dev loss: 4.025239390834795
dev accuracy: 0.06619217081850534
Initiating early stopping
Average test loss: 3.959155497517026
Test accuracy: 0.07758007117437722
{'larry_mcmurtry': array([-0.00457899,  0.2484766 , -0.06104267,  0.25507027,  0.04468032,
        0.20134117,  0.0460687 , -0.23085226,  0.20186354, -0.02807341,
        0.00731593,  0.03679726, -0.0469734 ,  0.14104006, -0.05208193,
       -0.06997218, -0.05682198, -0.09958147, -0.11329263,  0.01575561,
        0.01939308, -0.25425896, -0.05323325, -0.09385803,  0.20294501,
        0.04397128, -0.02493446,  0.01612718, -0.14399996, -0.00090067,
        0.13263553,  0.06760623,  0.15792666,  0.1598581 ,  0.06104434,
        0.0457587 , -0.03797644,  0.06126909, -0.09963205, -0.1491464 ,
        0.10431013,  0.01553667,  0.0596174 ,  0.12207325, -0.05866623,
       -0.15844846,  0.20858878, -0.17690778, -0.07089347, -0.15079512],
      dtype=float32), 'university_of_manchester': array([-2.21620835e-02, -2.88903832e-01, -1.08377554e-01, -3.06170136e-01,
       -3.24986730e-04, -3.26245457e-01, -2.42000483e-02, -1.13189086e-01,
        8.61821249e-02,  1.12570606e-01,  7.26766959e-02, -1.00371666e-01,
        1.70035109e-01, -4.69015874e-02, -1.76066104e-02,  1.98848233e-01,
        1.48286924e-01, -5.99222705e-02,  1.84481338e-01, -1.69308797e-01,
       -3.16105545e-01,  2.58962005e-01,  7.71946609e-02, -1.05590262e-01,
       -2.37930879e-01, -3.38186264e-01,  3.17165047e-01,  1.83555618e-01,
        1.34944335e-01, -2.66587678e-02, -1.33766204e-01, -1.64924953e-02,
       -3.11960485e-02,  2.11035088e-01,  1.33341119e-01,  1.78592250e-01,
       -8.11449066e-02, -2.75986642e-01, -2.06694484e-01,  9.26477760e-02,
        3.34131837e-01, -1.78597137e-01, -2.39632249e-01, -1.71457961e-01,
       -2.32852716e-03,  5.16394861e-02, -1.99120641e-01,  2.94756651e-01,
        2.38072336e-01, -1.01499625e-01], dtype=float32), 'theodore_dreiser': array([-0.05426779,  0.06184181,  0.03663935,  0.05219011,  0.02177038,
        0.15022367, -0.01954175, -0.15961573,  0.1461133 ,  0.06608526,
        0.03527696,  0.13927716, -0.04604247, -0.02827461,  0.10387732,
        0.02859864,  0.06040751,  0.01094735, -0.08081589,  0.00637238,
       -0.02220534,  0.01274945,  0.11572485,  0.05230085, -0.07249854,
        0.04242747, -0.1563754 , -0.12663174, -0.06165113, -0.00400056,
       -0.06036513, -0.05830804,  0.00691452,  0.0999074 , -0.00828962,
       -0.06890409, -0.07043618,  0.16237691,  0.09037202, -0.02696644,
       -0.03710459,  0.10871364,  0.02221823, -0.04937032,  0.05041651,
       -0.1102549 ,  0.00543656, -0.17801914,  0.06633526, -0.12162629],
      dtype=float32), 'william_gaddis': array([ 0.04370791,  0.0565559 ,  0.08847489,  0.36934197,  0.14419223,
        0.06610859,  0.14680804, -0.16585134,  0.16002287, -0.16756435,
        0.05732983,  0.00775107,  0.01200817, -0.06702412, -0.14210728,
       -0.00330629, -0.02179484, -0.07382385, -0.14496079, -0.02572392,
        0.21177477, -0.26279208, -0.00600603, -0.1536021 ,  0.22155088,
        0.29421398, -0.12771893, -0.02854853, -0.14609562, -0.16558443,
        0.22021443,  0.12625536, -0.12965968, -0.08388329, -0.05529425,
       -0.03795592,  0.03765798,  0.054339  , -0.031696  , -0.07578616,
        0.10727788,  0.05258932,  0.22009479, -0.05401766, -0.05820998,
        0.07216962,  0.11442247, -0.07919446, -0.20123659, -0.16693659],
      dtype=float32), 'moby-dick': array([-0.09946944, -0.28684717, -0.13819423, -0.2343631 , -0.14584993,
       -0.17655462, -0.01445989,  0.115819  , -0.1401972 ,  0.075739  ,
        0.00858444, -0.14562155, -0.08249425, -0.07676378, -0.02165414,
        0.09911963,  0.03516068,  0.11100657,  0.05354136, -0.12437562,
       -0.20921363,  0.22858013, -0.02060959, -0.06540479, -0.0697299 ,
       -0.20526953,  0.15138163,  0.0268243 ,  0.07057808,  0.05255005,
       -0.19159637, -0.02713823,  0.0050093 ,  0.07000144,  0.04855975,
        0.14292233, -0.12074246, -0.10419974,  0.12040626,  0.10532662,
       -0.08635889, -0.12959577, -0.23973536, -0.09052434,  0.02653202,
        0.02559283, -0.08674664,  0.11689889,  0.13136257,  0.20915514],
      dtype=float32), 'national_epic': array([ 0.0109491 ,  0.23751388, -0.15209745,  0.34310287, -0.09662037,
       -0.05736503, -0.01604639, -0.4719225 ,  0.12057631, -0.06662901,
        0.16953552,  0.01062401,  0.2040758 ,  0.11527933, -0.23778543,
       -0.08930217,  0.2310973 , -0.24957047,  0.04345889,  0.11681011,
        0.10293032, -0.07281093, -0.05238305, -0.09558463,  0.15636216,
        0.20510648,  0.00861989, -0.09076089, -0.14814986,  0.16702478,
        0.24909098,  0.02583427,  0.2945714 , -0.00172382,  0.1086989 ,
       -0.11748577,  0.25892642,  0.03066612,  0.02935336, -0.21305273,
       -0.0510404 ,  0.06574379,  0.22712168, -0.13975966, -0.08572765,
        0.02052147,  0.23469248, -0.2761977 , -0.04394833, -0.29335865],
      dtype=float32), 'john_william_de_forest': array([-0.07112763,  0.11540458, -0.08704799,  0.36740744, -0.0260698 ,
        0.02696773,  0.03832136, -0.23597996,  0.12937544,  0.02984127,
        0.05993581, -0.00118513,  0.1448799 ,  0.0178038 , -0.05113992,
       -0.07021756,  0.16374858, -0.17924386, -0.09251144, -0.08105332,
        0.18229745, -0.05817574,  0.03389521, -0.09979202,  0.05109794,
        0.06747126, -0.22385316,  0.01940737, -0.01317233,  0.06424532,
        0.05834907,  0.15060245,  0.11288797,  0.04231963,  0.07517549,
       -0.17543568,  0.23901376,  0.23681632, -0.0717763 , -0.20452857,
        0.01453096,  0.06079022,  0.29562446,  0.0242538 , -0.02097446,
       -0.09022944,  0.25228834, -0.0913634 , -0.08692694, -0.11469439],
      dtype=float32), 'f._scott_fitzgerald': array([ 0.09151316,  0.03446452, -0.03864532,  0.0298683 , -0.00034356,
        0.2181033 , -0.01949154,  0.20510526, -0.13232373,  0.11072537,
        0.0088747 , -0.07476701, -0.08224631,  0.14152353,  0.10283308,
       -0.05059795, -0.13574508,  0.13126071, -0.16526094,  0.1986488 ,
        0.08584004, -0.1280186 ,  0.02195054,  0.00390868,  0.14178655,
        0.19409797, -0.18499336, -0.03133539, -0.01793943, -0.06349532,
        0.07043462, -0.16098695, -0.05144194, -0.24413583, -0.14647155,
       -0.05457419, -0.19741708,  0.11310292,  0.00079245,  0.19878171,
       -0.02287773,  0.04019856,  0.03054724,  0.18146911, -0.01481193,
       -0.05319205, -0.1270786 ,  0.06334591, -0.08071547,  0.13175546],
      dtype=float32), 'richard_wright_(author)': array([ 0.11383255, -0.12267965,  0.06972266,  0.04752474, -0.00705417,
        0.16348054, -0.06482405,  0.14079724, -0.01480908, -0.07545342,
        0.04301124,  0.13513891, -0.01945995,  0.11097895, -0.04888416,
       -0.13769758, -0.16608153,  0.09184442, -0.11483012, -0.03134839,
        0.13596739,  0.09019724,  0.0004573 , -0.00587196, -0.02371063,
        0.04087914, -0.193194  ,  0.01227792, -0.03928071, -0.03761153,
        0.01390438, -0.19682953, -0.20569743, -0.09667626, -0.00284106,
        0.06882672, -0.10009299,  0.18435587,  0.1883214 ,  0.1942877 ,
       -0.14220998, -0.09389548, -0.1799589 ,  0.21374296,  0.12160974,
       -0.01888015, -0.03385276, -0.06621942, -0.10291054,  0.1903409 ],
      dtype=float32), 'jonathan_franzen': array([-1.03520975e-01, -2.08496470e-02, -5.73958978e-02, -1.16222799e-01,
       -8.65926445e-02, -1.08070947e-01, -1.13510139e-01,  1.17962301e-01,
       -3.40850875e-02, -9.48744044e-02,  4.82188985e-02,  1.00426510e-01,
        1.06518038e-01, -6.27988047e-05, -1.10782556e-01,  1.33517594e-03,
        7.11469948e-02,  3.88409756e-02,  4.73786443e-02,  1.08858556e-01,
        3.15888785e-02, -6.92384392e-02, -9.51899216e-03, -6.97384179e-02,
        1.34108141e-01, -7.95481876e-02, -9.18307975e-02,  4.37844992e-02,
       -1.17870227e-01, -6.71807528e-02,  4.27149422e-02, -1.49694920e-01,
       -5.67631386e-02,  1.66836951e-03, -1.14061888e-02,  9.26319957e-02,
       -9.31425765e-02, -2.67650932e-02,  3.81184444e-02, -5.47420196e-02,
       -1.01450250e-01,  7.12908953e-02,  4.58156541e-02,  1.07234925e-01,
       -1.04636461e-01,  2.55175959e-02, -5.76871261e-02, -7.75726438e-02,
       -1.11365773e-01, -1.52322892e-02], dtype=float32), 'james_fenimore_cooper': array([ 0.08902449,  0.02174377,  0.00478592, -0.04281081,  0.17517072,
       -0.01124841,  0.01299311,  0.11939576, -0.13035539,  0.15152167,
        0.0475841 ,  0.08278019, -0.051677  ,  0.12847005,  0.06206463,
        0.09309223, -0.15578568,  0.02342156,  0.00802002, -0.00233145,
       -0.11518852,  0.10472284, -0.06043935, -0.00941851,  0.03465877,
       -0.0432944 , -0.13079599, -0.03682617,  0.10804562, -0.11411143,
        0.01445006,  0.05508429, -0.14172035, -0.09498601,  0.08470861,
        0.03889389,  0.02238431, -0.06416585, -0.09381096,  0.18376334,
       -0.09035144, -0.04102087, -0.12373236,  0.09372587,  0.12086453,
       -0.09887666, -0.14327766,  0.15385473, -0.05658332,  0.07640057],
      dtype=float32), 'richard_rodriguez': array([-0.08246653,  0.37667516,  0.13509218,  0.4018711 , -0.00041431,
        0.0887064 ,  0.18608695, -0.22469686, -0.03194263, -0.08662894,
        0.1301107 ,  0.08695995,  0.23570102,  0.18709967, -0.09331794,
       -0.14776473,  0.10949336,  0.0102627 , -0.02785417,  0.21041739,
        0.27834472, -0.3052055 ,  0.06088791, -0.12927456,  0.27672613,
        0.19934477, -0.09592786, -0.18466654, -0.2564347 , -0.16369906,
        0.10029483,  0.08926402,  0.00664013, -0.08497385, -0.11443879,
       -0.19498484, -0.03168616,  0.16712317,  0.01915873, -0.00243866,
       -0.05950365, -0.00377773,  0.3192449 ,  0.23479244,  0.04578213,
       -0.04717566,  0.20556043, -0.22831039, -0.1182209 , -0.1135437 ],
      dtype=float32), 'jack_kirby': array([ 0.03309229, -0.06957815, -0.09594774, -0.21667373, -0.10706686,
       -0.09368742,  0.08208019,  0.12464543, -0.01715998,  0.04122243,
       -0.02311089,  0.04232841, -0.09672148, -0.0355348 , -0.03745208,
       -0.03215485,  0.06449571, -0.00710152,  0.00076152, -0.12814096,
       -0.03310197,  0.09101842, -0.0631868 ,  0.05741621, -0.15979579,
       -0.0323263 , -0.00337928,  0.03258356,  0.04922119,  0.02041328,
       -0.04815142, -0.03033734, -0.0898722 ,  0.0679736 ,  0.03613419,
        0.14949699, -0.08447919,  0.06078709,  0.04398989, -0.00579789,
       -0.00724868, -0.05146017, -0.1646292 ,  0.01724453,  0.03552552,
       -0.02670067, -0.04360787, -0.04510488,  0.01559858,  0.05051234],
      dtype=float32), 'don_delillo': array([ 0.04740243, -0.12046663, -0.04759821, -0.03775536,  0.03757131,
        0.2801135 , -0.06823516,  0.17393194, -0.05840746,  0.133024  ,
       -0.12756248, -0.06366482, -0.20902032,  0.00649471,  0.1081932 ,
       -0.15995245,  0.00318838,  0.09398392, -0.21414635,  0.21012673,
        0.09388614,  0.01282383,  0.08633654,  0.02378776, -0.05642542,
        0.16227399, -0.14729337, -0.24522156,  0.20825171, -0.14702226,
       -0.17122099, -0.14236987, -0.15534166, -0.16516414, -0.04420299,
        0.02558569,  0.03292793,  0.12585233,  0.20267537,  0.2510852 ,
       -0.23952483,  0.13247131, -0.09275885,  0.2346279 , -0.06752437,
        0.15365605, -0.0663121 ,  0.05992376,  0.03936484,  0.06130794],
      dtype=float32), 'the_american_scholar': array([-0.0418353 ,  0.36175668, -0.03247554,  0.37892598, -0.06254303,
        0.23885968,  0.2581095 , -0.42369938,  0.35732338, -0.06171485,
       -0.03826626,  0.1908252 ,  0.11809566,  0.17495905, -0.26300433,
       -0.30626634,  0.23015834, -0.21445686,  0.00182374,  0.00858936,
        0.16562465, -0.35055298,  0.06171113, -0.10057555,  0.34648424,
        0.24010341, -0.201638  , -0.17155905, -0.394536  ,  0.01819859,
        0.10946688,  0.12398428,  0.2797964 ,  0.06953028, -0.04234907,
       -0.11567976,  0.05579133,  0.16584107,  0.08707795, -0.19731392,
       -0.0371182 ,  0.1059273 ,  0.37164998,  0.08001149, -0.01146115,
       -0.03987005,  0.25565532, -0.34103915, -0.11980326, -0.32805592],
      dtype=float32), 'great_american_novel': array([ 0.10393154,  0.32940748, -0.10254464,  0.39300403, -0.14111854,
        0.09635586,  0.23830886, -0.3506443 ,  0.38139385, -0.18753336,
        0.17565581,  0.27979407,  0.1703816 , -0.01438042, -0.25451973,
       -0.12463479,  0.32624465, -0.12538368, -0.01281521,  0.1066243 ,
        0.2663965 , -0.12809262,  0.04096692,  0.03820068,  0.04979767,
        0.17806016,  0.01410075, -0.17594084, -0.24479526,  0.06565402,
        0.2911694 ,  0.18388405,  0.2561345 ,  0.28361318, -0.02119098,
       -0.05065869,  0.09074464,  0.291281  ,  0.06743851, -0.31711894,
        0.0733008 ,  0.09285807,  0.23079662,  0.07150883, -0.03258364,
       -0.12853509,  0.21438715, -0.2858272 , -0.01932536, -0.26296413],
      dtype=float32), 'harriet_beecher_stowe': array([-0.00297878, -0.1860269 , -0.12619968,  0.02116651, -0.06480581,
       -0.08499745, -0.05771007, -0.01522595, -0.07259693,  0.00970444,
        0.1628573 ,  0.0370792 ,  0.02473197, -0.08668695, -0.07448716,
       -0.07874272, -0.03694412,  0.02671652,  0.00851746, -0.13743056,
        0.0315826 ,  0.16384129, -0.02687063,  0.0460184 ,  0.05334257,
        0.10879083, -0.0509901 ,  0.10823055,  0.02509451, -0.12161068,
        0.01633885, -0.10268621, -0.04769623, -0.16334487, -0.05711171,
        0.11388479,  0.05031705, -0.09554997, -0.07958509,  0.04115091,
       -0.03072383,  0.04373169,  0.01409881,  0.02107957,  0.06993914,
        0.00880459,  0.00040946,  0.05572999, -0.03462125,  0.12762633],
      dtype=float32), 'an_american_tragedy': array([ 6.06220812e-02,  3.09587091e-01,  1.50000900e-01,  1.58767730e-01,
       -1.88102555e-02,  9.00966525e-02,  1.35216201e-02, -2.62660295e-01,
        2.00012803e-01,  4.28718664e-02,  4.46062461e-02,  2.09842160e-01,
       -6.58216774e-02,  1.64102957e-01,  1.04737826e-01, -2.10482121e-01,
       -8.29133242e-02, -1.11123554e-01, -4.36672829e-02,  1.23104058e-01,
        5.60445860e-02, -3.06410491e-01, -1.25322461e-01, -1.31245375e-01,
        1.55030057e-01,  9.83235836e-02,  1.93247863e-03, -2.57531881e-01,
       -1.46806300e-01, -1.66243359e-01,  3.75626348e-02, -3.00403568e-04,
        2.79504526e-02,  9.19750929e-02, -3.67596224e-02, -9.79658812e-02,
        1.02670737e-01,  1.61939204e-01, -7.71905528e-03, -1.99433789e-01,
       -1.00803487e-01,  1.48358613e-01,  1.98664039e-01,  2.04763889e-01,
        4.47699614e-02,  8.48615393e-02,  1.14741936e-01, -1.16067335e-01,
       -5.73511943e-02, -1.38784349e-01], dtype=float32), 'gilead_(novel)': array([-5.4866448e-02,  2.1785925e-01,  1.4099269e-01,  2.5485098e-01,
       -7.6221444e-02,  9.4332183e-03,  1.6904717e-02, -9.8313622e-02,
        8.7281689e-02, -1.7044640e-01, -7.9792989e-03,  1.7605230e-01,
        7.2539806e-02, -1.6496018e-02,  3.3971831e-02,  3.6888428e-02,
       -5.5325255e-03, -3.9700329e-02, -1.7075843e-01, -1.0446040e-01,
        1.5717039e-02, -1.2341368e-01,  1.3793731e-02,  9.5186114e-02,
        2.8106287e-02,  2.6714938e-02, -5.0836224e-02, -1.3678202e-01,
       -1.1163737e-01, -7.3502399e-02,  1.4245802e-01,  7.6603830e-02,
        8.6694716e-05, -5.5893149e-02,  4.3996781e-02, -1.2503026e-01,
        7.4386656e-02,  4.6342347e-02,  1.8574081e-02,  5.3408403e-02,
        1.0922683e-01, -2.2731369e-02,  2.3870183e-02, -8.8956021e-02,
       -3.4865629e-02,  1.2674111e-02, -4.6831463e-02, -3.0986728e-02,
       -1.6686134e-01,  2.1655902e-02], dtype=float32), 'american_pastoral': array([ 0.00757639,  0.21216506,  0.11743756,  0.1670275 , -0.03151915,
       -0.09048063,  0.00225278, -0.1060075 ,  0.22386155, -0.14900841,
       -0.02566017,  0.08181006,  0.15254594, -0.02983685,  0.04951293,
       -0.05697391,  0.00624996, -0.12521127, -0.12552631, -0.01467286,
        0.17530546, -0.15275256, -0.04953568,  0.0162404 ,  0.19410175,
        0.16904502, -0.15219763, -0.0569993 , -0.04902099,  0.12776983,
        0.12860331,  0.02517386,  0.09778617,  0.11008925,  0.08488116,
        0.01601748,  0.17022495,  0.10812704, -0.10674221,  0.05753847,
       -0.00778231,  0.00411315,  0.22632435,  0.00280935, -0.04209026,
       -0.03010732,  0.19993927, -0.04640045,  0.03197369,  0.06126364],
      dtype=float32), 'the_adventures_of_augie_march': array([-0.09802628,  0.21358444, -0.08434243,  0.31367147, -0.00840793,
       -0.02439181,  0.10416298, -0.26532492,  0.15535273, -0.07534373,
       -0.07498741, -0.05817255,  0.13372776,  0.17674324, -0.12649032,
        0.07757676,  0.19255896, -0.16925494,  0.05396295, -0.07064289,
        0.06737726, -0.25107038,  0.10191095, -0.07806791,  0.16375983,
        0.03478777, -0.13402204,  0.00966304, -0.21898435, -0.01212757,
        0.09510743,  0.04998767,  0.13785103,  0.14566775, -0.05694287,
        0.03811848,  0.2174252 ,  0.00616567, -0.02100289,  0.02096347,
       -0.00604196,  0.03025354, -0.00116543,  0.04583672, -0.00603003,
       -0.05846756,  0.22114229, -0.01905098, -0.06762459, -0.09388041],
      dtype=float32), 'cormac_mccarthy': array([-0.11428461,  0.12896957,  0.02318541,  0.13005485, -0.04668925,
        0.07454428, -0.12197146, -0.02063314,  0.0434723 ,  0.08116717,
        0.11407329, -0.03921713,  0.06222352, -0.01603659,  0.0122981 ,
       -0.04778655, -0.08517771,  0.0498537 ,  0.02284836, -0.05093813,
        0.09564469,  0.05066672, -0.11362232,  0.09429185,  0.05381284,
        0.06054948,  0.14359349,  0.09999534,  0.01450029,  0.00064718,
        0.06827616, -0.00521013,  0.0024466 ,  0.00027888, -0.11788783,
       -0.04316803, -0.01813678,  0.11826146, -0.07215077, -0.20557383,
       -0.00203134,  0.07542586, -0.06830709,  0.04914469, -0.01062567,
        0.08980412,  0.06487308, -0.12145852, -0.11826211, -0.03974177],
      dtype=float32), 'j._d._salinger': array([ 1.09936006e-01, -2.47481037e-02,  1.18072473e-01,  8.01851600e-02,
        2.53927689e-02,  1.39572531e-01, -6.26633391e-02,  2.41799340e-01,
       -1.10678084e-01, -1.35276103e-02,  4.96566854e-02,  1.00858323e-01,
       -1.18558280e-01,  7.25185946e-02,  8.94293785e-02, -1.40079528e-01,
       -1.41956247e-04,  1.81048751e-01, -1.61572158e-01,  4.04009186e-02,
       -1.28957793e-01,  5.08253537e-02, -4.83882241e-02, -2.24766023e-02,
       -1.65427197e-02,  1.19633757e-01, -1.88910127e-01, -1.09870799e-01,
        8.80738199e-02, -4.39528041e-02, -1.43893525e-01, -1.51861846e-01,
       -3.75337005e-02, -1.72166467e-01, -1.71354443e-01,  5.44755682e-02,
       -1.20822743e-01, -1.99565776e-02,  1.97155610e-01,  4.47444096e-02,
       -9.87851471e-02,  7.25636557e-02, -8.51823986e-02,  1.43620193e-01,
       -8.11466500e-02,  9.22742859e-02, -8.70093554e-02, -1.25266582e-01,
        7.43609890e-02,  1.65777951e-01], dtype=float32), 'michael_chabon': array([ 0.07203417, -0.04563676, -0.04833316,  0.04783714,  0.04322647,
       -0.12077524, -0.1561708 ,  0.06736111, -0.07343504,  0.00469869,
        0.10156503,  0.00925564, -0.01737734, -0.09704364,  0.11017316,
       -0.08043834, -0.05981836,  0.07174782,  0.14406118,  0.08445997,
       -0.05383719,  0.03755193,  0.02248093, -0.01452428, -0.05549525,
       -0.11703175, -0.11618091, -0.18625343, -0.02538023, -0.07636727,
        0.09382427, -0.05891446, -0.12263732,  0.01618929, -0.07354613,
        0.06742486, -0.15328121,  0.09573447,  0.12151892, -0.04666069,
       -0.11218871,  0.11178636, -0.02168255,  0.05487166, -0.09710373,
        0.00230186, -0.01153944,  0.07407317, -0.01172395,  0.00850336],
      dtype=float32), 'herman_melville': array([ 0.0728561 , -0.18124755,  0.03121591, -0.10008848, -0.04388044,
       -0.08606289, -0.11057606,  0.23989558, -0.11377954,  0.04236686,
        0.10919204, -0.0283535 , -0.15456976,  0.08810253, -0.03692773,
        0.11721945, -0.23021188,  0.20725815,  0.12785234,  0.02735799,
       -0.08315104,  0.10401647, -0.07826341,  0.01741645, -0.04540242,
       -0.0554203 ,  0.01328868, -0.07318576,  0.16407934, -0.04070077,
       -0.17403907, -0.06311602, -0.03057691, -0.12371944, -0.0343069 ,
        0.07498264, -0.09960539,  0.09281483,  0.08873983,  0.12873691,
       -0.11052869,  0.04318767, -0.06703476,  0.06521125,  0.1271308 ,
       -0.04092231,  0.01391322,  0.03097799,  0.02622698,  0.10773726],
      dtype=float32), 'gone_with_the_wind_(novel)': array([ 0.00848042, -0.30853364, -0.15994261, -0.19995756,  0.01079386,
       -0.23070905, -0.13366862,  0.11174425, -0.03749659,  0.20614633,
        0.01808814, -0.11256073, -0.1273248 , -0.00292388,  0.08068339,
        0.14375548,  0.07297119,  0.19394054,  0.04955113, -0.14143285,
        0.04183447,  0.10402615,  0.03573492, -0.06127981, -0.069146  ,
       -0.19752523,  0.05248808,  0.13027164,  0.07705599,  0.01421535,
       -0.06535713, -0.01158424, -0.08677571, -0.10602199, -0.13192429,
        0.1138496 , -0.02121468, -0.14405556,  0.04319813,  0.07941111,
        0.0280726 ,  0.00897774, -0.10714096, -0.11141128, -0.04021473,
        0.11364249, -0.21372223,  0.16620685,  0.07791103,  0.15774187],
      dtype=float32), 'nathaniel_hawthorne': array([ 0.12478846, -0.08820327,  0.02248642,  0.06328659,  0.00282042,
        0.06461432, -0.1608128 ,  0.25690392, -0.1093584 ,  0.02307881,
        0.05569218, -0.05594807, -0.16994448,  0.12560314,  0.1475738 ,
        0.04676895, -0.15438952,  0.0545213 , -0.13828585, -0.01152362,
        0.07751669,  0.11655223,  0.11766179,  0.20541085,  0.1261757 ,
        0.18913674, -0.12918636,  0.05075871, -0.07481853, -0.04589218,
        0.00038868, -0.05713891, -0.10931183, -0.01808221, -0.03157488,
       -0.02374781,  0.00026426,  0.07092161,  0.04639884,  0.18391506,
       -0.14223056,  0.0052683 , -0.08808894, -0.06511542, -0.03319428,
       -0.08059685,  0.01739037, -0.03804459,  0.04046121,  0.13219482],
      dtype=float32), 'underworld_(delillo_novel)': array([-0.09530398,  0.23527205,  0.00559643,  0.22393654, -0.04492928,
        0.10109103, -0.00528518, -0.01457262,  0.21307336, -0.00135224,
        0.10122211,  0.13829   ,  0.0263123 , -0.07471683, -0.14580163,
       -0.04054973, -0.06179475, -0.0731262 , -0.11245903, -0.09073319,
        0.08993158, -0.02964307,  0.08061605, -0.02692197, -0.05677765,
        0.10262201,  0.0112395 , -0.16387306, -0.06458902,  0.04768218,
        0.12825043,  0.17453638, -0.02185247,  0.11543006,  0.10798981,
        0.06969692,  0.05164858,  0.05078553, -0.16372313, -0.03186845,
        0.01595263, -0.10841162,  0.1576062 ,  0.05170817, -0.10254438,
       -0.04673103,  0.08395477, -0.17201743, -0.09099753, -0.22557569],
      dtype=float32), 'novel': array([-0.17061794, -0.3048632 ,  0.08895322, -0.27761137, -0.04861932,
       -0.21596979,  0.00747872, -0.08229097, -0.05086383,  0.1237025 ,
        0.06568581, -0.09364273, -0.05437413,  0.03790253, -0.00621626,
        0.14278097,  0.03391744, -0.03843985,  0.24894035, -0.14191197,
       -0.24602634,  0.19681972,  0.02314276, -0.07929771, -0.26948538,
       -0.16512635,  0.22102438,  0.25187007,  0.08759903, -0.05475123,
       -0.16255121,  0.00902831,  0.03754588,  0.09317619,  0.00541147,
        0.03877518, -0.04149855, -0.21919477, -0.17629583, -0.05757559,
        0.23186462, -0.09438509, -0.21190026, -0.17062266,  0.04340048,
       -0.01857006, -0.20335042,  0.19668603,  0.14987165,  0.05690784],
      dtype=float32), 'ralph_ellison': array([-9.56639946e-02,  4.64307331e-02,  1.14683904e-01,  6.18057745e-03,
        4.09508534e-02,  1.10190891e-01, -8.98775011e-02, -4.10375260e-02,
       -1.41798332e-01, -1.24381040e-04,  3.36270705e-02, -4.09579575e-02,
        2.35098116e-02,  1.31839916e-01, -3.73673625e-02,  2.31782738e-02,
       -1.38378382e-01, -1.72060683e-01, -1.81871563e-01, -7.26511981e-03,
        6.87017813e-02, -1.52367160e-01, -8.44581425e-02, -1.03564829e-01,
        2.03016162e-01,  2.58728545e-02, -1.93288490e-01,  3.17051858e-02,
       -1.75710753e-01,  1.34858256e-02,  6.20522462e-02,  1.15380041e-01,
        1.26986936e-01,  8.40523653e-03, -5.64883463e-02,  9.53586549e-02,
        3.68696898e-02,  1.46096826e-01, -5.69565445e-02,  3.43320258e-02,
        8.04876536e-02, -7.58980401e-03,  1.41997546e-01,  2.15132963e-02,
        1.08139990e-02,  9.72081646e-02, -1.03450440e-01, -1.37893081e-01,
       -5.60941659e-02,  9.12141800e-02], dtype=float32), 'the_dollmaker_(novel)': array([ 0.04497531,  0.1719133 , -0.14425391,  0.05013335, -0.00965075,
        0.08468828,  0.01885779, -0.0874721 ,  0.14545612,  0.06667825,
        0.06845459,  0.21165997,  0.07440127, -0.0207209 , -0.0567789 ,
       -0.1420514 ,  0.07608365, -0.16648915, -0.12050954,  0.04967707,
        0.05502527, -0.1355917 ,  0.04577974, -0.08019282,  0.13976827,
        0.1769584 , -0.1609414 , -0.00765001, -0.15870571,  0.00868872,
        0.16195111,  0.07111625,  0.17567733,  0.0827449 ,  0.0113754 ,
        0.01257333,  0.20921575,  0.11512961,  0.07810842,  0.00716563,
       -0.02118524,  0.00139517,  0.22907142, -0.13048096, -0.06856313,
       -0.12020437,  0.06012877, -0.1257639 ,  0.03987732, -0.11085092],
      dtype=float32), 'martin_amis': array([-0.10362466, -0.16802709,  0.06059556, -0.03233947, -0.0967104 ,
       -0.03057986, -0.04665652,  0.26135486, -0.20429793, -0.02138271,
        0.08682679, -0.00170263, -0.05699988, -0.05822881, -0.0598198 ,
        0.10508647, -0.20309408, -0.03365148, -0.06509584,  0.15133676,
       -0.07928067,  0.15824996,  0.07214081,  0.14741778,  0.04797151,
        0.0214979 , -0.05199195, -0.08551627,  0.06271525, -0.1973199 ,
       -0.11936548,  0.02250561, -0.1463575 , -0.01104221, -0.1601211 ,
       -0.07738779,  0.0363718 , -0.14864717, -0.02390002,  0.06895443,
       -0.2135827 , -0.09206016, -0.05500296, -0.02199853,  0.08564926,
        0.05731039, -0.00261101,  0.08209206, -0.05328236,  0.00914679],
      dtype=float32), 'american_masters': array([-0.07991773,  0.26448938, -0.07293452,  0.40986383,  0.00584948,
        0.00965817,  0.19023788, -0.5118779 ,  0.26119128, -0.12857606,
        0.04747107,  0.21738963,  0.1185538 , -0.12495378, -0.16069244,
       -0.20763211,  0.2805927 , -0.2375826 , -0.07426849,  0.07781159,
        0.06512798, -0.2347419 ,  0.07464459, -0.21253462,  0.09063648,
        0.14913698,  0.00181154,  0.06932036, -0.14281699,  0.10680377,
        0.252795  ,  0.17632167,  0.11517981,  0.30636397, -0.00338018,
       -0.20942284,  0.31235102,  0.17884439, -0.18232061, -0.2168549 ,
       -0.0347304 ,  0.15466079,  0.3594715 ,  0.08559277, -0.13272864,
       -0.15345128,  0.2633954 , -0.21632665, -0.04420328, -0.264683  ],
      dtype=float32), 'culture_of_the_united_states': array([-0.1530593 , -0.34909222,  0.01076959, -0.46404064,  0.08644832,
       -0.31833884,  0.11141602,  0.03478192,  0.00314387, -0.00822974,
        0.00828544, -0.05754646,  0.09920337, -0.14589559, -0.16750538,
        0.3911015 , -0.0264125 , -0.1009934 ,  0.45717004, -0.21930799,
       -0.23879312,  0.24250786, -0.01297538,  0.03423026, -0.23826343,
       -0.28250673,  0.330958  ,  0.34063998,  0.20169295,  0.1976189 ,
       -0.07157353,  0.07670968,  0.16912468,  0.12151129,  0.11972786,
        0.04521241,  0.01306179, -0.36376107, -0.25130054, -0.01786074,
        0.21096937, -0.2750797 , -0.1228968 , -0.14376418, -0.00181082,
       -0.0146727 , -0.15256312,  0.24511324,  0.14645843, -0.09540047],
      dtype=float32), 'the_last_of_the_mohicans': array([-1.41632169e-01, -2.26582721e-01, -9.20335725e-02, -1.29126132e-01,
       -8.48594308e-02, -2.34392717e-01,  4.01958972e-02, -7.01723900e-03,
        2.27310583e-02, -1.03613637e-01,  2.90141366e-02, -7.04706041e-03,
        2.60471622e-03,  5.42081222e-02,  1.92097351e-02,  2.33390272e-01,
       -1.06020913e-01, -9.03916657e-02,  1.72975659e-01, -2.48441496e-03,
       -1.78434417e-01,  8.42838436e-02, -2.17044018e-02, -6.19136654e-02,
        1.89891700e-02, -7.34617710e-02,  1.99626252e-01,  1.32560387e-01,
        7.69848526e-02,  5.97317778e-02, -1.40138894e-01,  8.10170546e-02,
        1.23090288e-02,  9.91696417e-02,  1.65131595e-03, -9.62967128e-02,
       -5.57209440e-02, -1.37980506e-01,  8.97899121e-02, -7.26674274e-02,
        7.96057135e-02,  2.42639892e-02,  4.37622629e-02, -1.19792655e-01,
        8.54547396e-02,  5.46487495e-02, -3.95259522e-02,  1.63010836e-01,
        1.33996084e-01,  4.58173308e-05], dtype=float32), 'american_english': array([-0.20957837, -0.08172237, -0.17867748, -0.2354285 ,  0.07377778,
       -0.23358266,  0.15142766, -0.28964296,  0.23274045, -0.01796145,
       -0.01241519, -0.10578299,  0.21959452, -0.18591954, -0.19745708,
        0.22602494,  0.01896355, -0.2581025 ,  0.11320977, -0.11364704,
       -0.18330142,  0.11157931,  0.12403446, -0.01026134, -0.12961355,
       -0.19148545,  0.32328936,  0.43711537,  0.12530072,  0.29924   ,
       -0.05870166,  0.15335804,  0.16279611,  0.25412828,  0.14909305,
        0.10462846, -0.05863852, -0.21461043, -0.06279041, -0.04733902,
        0.17772491, -0.1831165 , -0.04145981, -0.25421   ,  0.14270556,
       -0.05082558,  0.15050521,  0.02782782, -0.01085732, -0.06389236],
      dtype=float32), 'blood_meridian': array([ 0.08115532, -0.16593513,  0.09173772, -0.18702446,  0.08329853,
       -0.17702445, -0.09186713, -0.01206253,  0.05217692, -0.05150158,
        0.04577103,  0.02962338, -0.05632946, -0.02143124, -0.14697069,
        0.03791538,  0.20224617,  0.130251  ,  0.16404757, -0.03238752,
       -0.15415931,  0.15415058,  0.06288692, -0.11929302,  0.01450705,
       -0.18373466,  0.01829105,  0.13503274,  0.06001243,  0.01737581,
        0.10285803,  0.14042924,  0.21503559,  0.02967375, -0.00711652,
        0.09095351,  0.09213655, -0.13907115,  0.00888923, -0.12937956,
        0.16419744,  0.10648278, -0.08497798, -0.06340454,  0.12247185,
        0.08485012,  0.03648458,  0.06621899, -0.05656581, -0.05664394],
      dtype=float32), 'the_scarlet_letter': array([ 0.07565004, -0.03852343,  0.0839192 ,  0.12599319, -0.07466818,
       -0.03236653, -0.13901998, -0.01847569, -0.01336276, -0.03763296,
       -0.01477449,  0.07081217, -0.06864929,  0.1783694 ,  0.1076591 ,
       -0.15426072,  0.07834411,  0.1398731 , -0.12904982,  0.02596227,
        0.03459764, -0.15466574,  0.03893779, -0.07218304, -0.05247827,
        0.03603733,  0.07375894, -0.11077586,  0.04727189, -0.14160788,
        0.10644496,  0.01084169, -0.09308177, -0.14285009,  0.04080355,
        0.09917161,  0.11738871, -0.10152431,  0.02028082,  0.10587238,
       -0.04696605,  0.02700386, -0.07904503,  0.08168717, -0.1349689 ,
        0.09316819,  0.01707725, -0.06339749,  0.04856256,  0.01200016],
      dtype=float32), 'john_updike': array([-1.38838834e-03, -1.51064843e-01,  4.58709560e-02, -2.02269942e-01,
        5.21844923e-02,  2.26842444e-02, -1.45129547e-01,  2.43777916e-01,
       -1.79347008e-01, -6.30348027e-02, -1.95247773e-02,  3.26871760e-02,
       -6.63796291e-02,  2.08418053e-02,  1.55420959e-01,  1.11401573e-01,
       -6.11625873e-02, -1.60191711e-02, -3.48502286e-02, -9.76524875e-02,
       -7.73382932e-02,  8.93322378e-02,  1.11469075e-01,  5.71833774e-02,
        9.09486637e-02,  8.06303769e-02, -1.20623574e-01,  1.25286346e-02,
        8.99240673e-02,  4.28494103e-02, -3.37290280e-02, -5.89591824e-02,
       -2.11706161e-02, -7.43019581e-02, -6.58340752e-02,  1.46621436e-01,
        4.80701216e-02,  3.15163173e-02, -1.05617503e-02,  1.77070186e-01,
       -7.31338039e-02,  8.11236948e-02, -2.92816255e-02,  4.09221649e-03,
       -1.76115485e-04, -2.19161324e-02,  4.09253202e-02,  2.90254150e-02,
       -3.09337280e-03,  1.46413863e-01], dtype=float32), 'vladimir_nabokov': array([ 0.05859305,  0.04994727,  0.16211492, -0.03832695,  0.13152702,
        0.01934808, -0.21612823,  0.0554923 , -0.21317463, -0.01806405,
       -0.00346021,  0.04895524, -0.09045275,  0.1421598 ,  0.01773873,
       -0.04703543, -0.10982075, -0.05863782, -0.09650788,  0.13154382,
        0.03024548, -0.0942741 ,  0.03654213,  0.1231043 ,  0.15427165,
        0.20051114, -0.11994097, -0.01806333, -0.0336752 , -0.06657769,
       -0.13152078, -0.00695054, -0.17251246, -0.17414844,  0.03875485,
        0.12079339, -0.12540175, -0.03175583,  0.04351959,  0.1289925 ,
       -0.15105987,  0.15717146, -0.09741463,  0.22891787,  0.08237712,
        0.08599388,  0.0634375 , -0.04999632,  0.024301  ,  0.20284158],
      dtype=float32), 'beloved_(novel)': array([-0.0841672 , -0.21365198,  0.09832493, -0.11223123, -0.07290545,
       -0.1309228 ,  0.00078925,  0.0278603 , -0.03885205,  0.04627267,
        0.02645896, -0.05102812, -0.09356769, -0.04851576, -0.0400801 ,
        0.10960317, -0.04691502,  0.10780938,  0.12514861,  0.03138574,
       -0.1384596 ,  0.08109086,  0.13221253,  0.02863023, -0.08143995,
       -0.0631028 , -0.02871528, -0.01931018, -0.05108859,  0.00228325,
       -0.04123224,  0.02439731, -0.14712135, -0.16177489,  0.08841163,
        0.05871723, -0.15759462, -0.17533001,  0.10273157,  0.15071857,
        0.14030118,  0.0526134 , -0.16448237,  0.09978502,  0.06055351,
        0.09164001, -0.15849905,  0.10969301,  0.09884241,  0.10517545],
      dtype=float32), 'native_son': array([ 0.08284201, -0.0564411 ,  0.06694665, -0.05943851,  0.06199794,
        0.14816721, -0.15107834,  0.18036003, -0.12156565,  0.21200027,
        0.05807593,  0.10443074, -0.07795767, -0.01828778,  0.05732967,
       -0.08158478, -0.1043025 ,  0.17295149, -0.06130803,  0.03800302,
        0.02502441,  0.20467018,  0.04514012, -0.03609315, -0.08291356,
        0.10771932, -0.11463148, -0.10242354, -0.02851462, -0.06241817,
       -0.08531354,  0.03487194,  0.00281275, -0.07039397, -0.02347149,
        0.12172037, -0.10033287, -0.04834078,  0.21404158, -0.04138114,
       -0.26417896,  0.04048476, -0.08484375,  0.10823064,  0.10029855,
        0.13946907, -0.03302282,  0.05495503,  0.07915864,  0.10508593],
      dtype=float32), 'pbs': array([-0.15215398, -0.0255004 ,  0.02187064, -0.02931222,  0.08129098,
       -0.17671825,  0.05297806, -0.04057575,  0.13207659, -0.04261326,
        0.13593553, -0.03810052,  0.08362719, -0.10670512, -0.05531805,
        0.18005434,  0.00039017, -0.13030277,  0.19375648, -0.04553749,
       -0.12480651,  0.21963021,  0.04785291, -0.13425183, -0.26951876,
       -0.23803572,  0.18875846,  0.24935918,  0.16103403,  0.04273147,
        0.14673956,  0.12160813,  0.00911314, -0.00794512,  0.21302308,
       -0.11902665,  0.12812497, -0.02490928, -0.09307465, -0.08644582,
        0.2516109 , -0.13717626, -0.11488937, -0.00390012, -0.01614745,
       -0.10150965,  0.06046629,  0.10236842,  0.11808755, -0.00780892],
      dtype=float32), 'john_dos_passos': array([ 0.00223668,  0.00203604, -0.02401127, -0.08575426,  0.06005101,
        0.21615544,  0.02784393,  0.19549505, -0.02024418, -0.08796186,
       -0.09568825, -0.07317962, -0.05934794,  0.13674755, -0.08613923,
       -0.06217641, -0.13171542,  0.05391247, -0.03567572,  0.02851088,
        0.07639742, -0.10380244, -0.05847362, -0.04348293, -0.08448849,
        0.03673322, -0.11020573, -0.07508311, -0.09206808,  0.03407879,
       -0.01683392, -0.13305335, -0.07023635, -0.02624564, -0.00103387,
       -0.10489368, -0.0225041 , -0.03456718, -0.0404279 , -0.00133797,
        0.11448779,  0.13862254, -0.08177377, -0.0628133 ,  0.02051903,
        0.06367137,  0.14940283, -0.18359561, -0.00460475,  0.013224  ],
      dtype=float32), 'lolita': array([ 0.1521864 , -0.08300512,  0.02161552, -0.15498109, -0.07928552,
        0.0744375 , -0.08832442,  0.13993482, -0.11612161,  0.05949911,
       -0.05358183,  0.0873317 , -0.1768725 ,  0.04974015,  0.02774349,
       -0.11152802, -0.04136056,  0.20211667, -0.07217684,  0.05038438,
        0.16007186,  0.06341056, -0.00787265,  0.08080201,  0.05609978,
        0.14729382, -0.09203671, -0.16552997,  0.02020528, -0.18915696,
       -0.05385082,  0.03566606, -0.10105107, -0.10617573,  0.09961965,
        0.03175129, -0.00632455,  0.08360247,  0.02169815,  0.08830245,
       -0.07612062, -0.00450024, -0.126408  ,  0.14624918,  0.05595081,
       -0.01687341, -0.13021572,  0.10401133, -0.02601907,  0.03099275],
      dtype=float32), 'margaret_mitchell': array([-0.05203623, -0.18372287,  0.07799986, -0.16370921, -0.14383982,
        0.07698673, -0.12165555,  0.23695664, -0.06654421, -0.00297956,
       -0.0581743 , -0.01822293, -0.19678509,  0.05226094,  0.11009945,
       -0.06042442,  0.04374602,  0.1916955 , -0.05403791,  0.14580946,
       -0.01987084,  0.18700914,  0.10676004,  0.09264085,  0.03489961,
        0.02822951,  0.06986082, -0.11462817,  0.00932885, -0.12361569,
       -0.04810239,  0.00818235, -0.12099776, -0.01482263, -0.00287483,
        0.09057163, -0.04050414, -0.0193317 , -0.05324997,  0.0971048 ,
        0.02149385, -0.1273332 , -0.09070071, -0.04515865,  0.03185381,
        0.09740443, -0.10837995,  0.01953821, -0.03044553,  0.12502277],
      dtype=float32), 'the_great_gatsby': array([ 0.13242261, -0.12848535, -0.08708683, -0.04882927, -0.10897263,
        0.06899595, -0.08792163,  0.02188996, -0.00554991, -0.10272248,
        0.09483142,  0.0519805 , -0.06496959, -0.0143455 , -0.04121362,
        0.09863789, -0.15224893,  0.10426748, -0.09300523,  0.07287553,
       -0.08678899,  0.03547024, -0.02251732, -0.01942313, -0.12812461,
        0.03782064,  0.01626458, -0.10007063,  0.00197817, -0.05713817,
       -0.0098781 , -0.09258934, -0.07443842, -0.07201292, -0.11387358,
        0.01953818, -0.0523259 , -0.01819211,  0.18532978,  0.02324907,
        0.05756138,  0.10020555, -0.11591545, -0.06225731,  0.07718147,
        0.0400495 , -0.1234797 ,  0.12896587, -0.03629671,  0.07965616],
      dtype=float32), 'thomas_pynchon': array([ 0.11318398, -0.13949808,  0.03766565,  0.01038496,  0.04077495,
       -0.01893673, -0.06657869,  0.24572551, -0.20859171,  0.04775213,
        0.0022217 , -0.02187088, -0.12850483,  0.02776726,  0.08871014,
        0.00073627, -0.01591868, -0.02444652, -0.07045806,  0.00190345,
       -0.0051355 , -0.06328031, -0.07560895, -0.00985526,  0.03278993,
        0.09393732, -0.08514891,  0.10890894,  0.03675196, -0.06766465,
       -0.147617  , -0.10126797, -0.02013098, -0.09885578,  0.05115823,
        0.14859644, -0.0876575 ,  0.0137588 , -0.08481555,  0.103645  ,
       -0.12039915, -0.03537132, -0.04144779,  0.0127253 ,  0.04458196,
        0.05698435, -0.02829027, -0.03475365,  0.03105175,  0.13560002],
      dtype=float32), 'lonesome_dove': array([-0.05297455, -0.10315571,  0.06152139,  0.06153011, -0.14844649,
       -0.10263582, -0.04679624, -0.03309983,  0.09852964,  0.10415418,
        0.05250452, -0.11202082, -0.03076469, -0.11152577,  0.1496818 ,
        0.14399217,  0.1260105 ,  0.00596119, -0.03710493,  0.12100089,
        0.03036649,  0.05083818,  0.00797296,  0.00434967, -0.08500424,
        0.00195153, -0.04397751, -0.07296842,  0.0437744 , -0.08852528,
        0.00931082,  0.12070675,  0.03105797,  0.0520721 , -0.0799581 ,
       -0.09350924,  0.02529645, -0.04968741, -0.12776925,  0.06024492,
        0.12885733,  0.06006014, -0.07359239, -0.07456485,  0.01446352,
        0.09351332, -0.12943538, -0.0421255 ,  0.06117007,  0.13960952],
      dtype=float32), 'john_steinbeck': array([-0.01341686, -0.29820815, -0.00170746, -0.23156033,  0.02816842,
        0.10473303, -0.00603421,  0.26540762, -0.2156713 ,  0.01151632,
        0.05387045, -0.01357172, -0.13426358,  0.04294918,  0.21958104,
        0.08454334,  0.05529421,  0.08365143,  0.16664201, -0.09574065,
       -0.05108105,  0.1450329 ,  0.12151415,  0.04397268, -0.15075427,
        0.02965623,  0.23607215,  0.04242036,  0.09296829, -0.12904306,
       -0.01516506,  0.03915584, -0.01188737,  0.12722288,  0.07750086,
        0.1103825 , -0.07889255,  0.04743066, -0.0501003 ,  0.03550826,
       -0.02854337,  0.11933152, -0.00630777, -0.06886589,  0.0125319 ,
        0.05611247, -0.19788818,  0.21781331,  0.01825592, -0.04700127],
      dtype=float32), 'american_civil_war': array([ 0.06938101, -0.49647418, -0.01568503, -0.47234663,  0.04596595,
       -0.26106998, -0.07954966,  0.27991757, -0.10689222,  0.01004239,
       -0.02335376, -0.10901517,  0.02706611, -0.17042544,  0.13210788,
        0.41951364, -0.07101338,  0.06564505,  0.24984509, -0.2218681 ,
       -0.14651015,  0.20773894,  0.13498695, -0.0065905 , -0.41645542,
       -0.37930664,  0.34677595,  0.4079947 ,  0.27939707,  0.0009049 ,
       -0.22554852,  0.03778026, -0.00321523,  0.08928072,  0.04776525,
        0.19294961,  0.00901634, -0.3941409 , -0.21389918,  0.15993972,
        0.15255688, -0.17813532, -0.2967022 , -0.2550975 ,  0.02021598,
       -0.03750913, -0.25898945,  0.24017246,  0.16291685,  0.15020375],
      dtype=float32), 'philip_roth': array([-0.09174921, -0.11464643, -0.06818748, -0.10072691,  0.08663729,
        0.022035  ,  0.01074274, -0.03836957, -0.13843992, -0.04163505,
        0.09323722, -0.01740245, -0.09547454,  0.00791385, -0.03212048,
        0.01793073, -0.06400109,  0.0322124 , -0.12635763,  0.10338583,
       -0.04235548,  0.08047196,  0.06139594,  0.0277496 ,  0.12990929,
        0.14227532, -0.18289298, -0.12229503,  0.05846821, -0.01694508,
       -0.06859344,  0.10074925,  0.05275042, -0.1741825 ,  0.06000942,
        0.1346693 , -0.11057024,  0.05875988,  0.09850593,  0.06148222,
       -0.02441409, -0.07565381, -0.02202284,  0.01645367, -0.00067611,
        0.15318905,  0.10602462,  0.10160014,  0.02716352, -0.08872942],
      dtype=float32), 'mark_twain': array([ 0.16959529, -0.28161213,  0.13503325, -0.15847291, -0.0379844 ,
        0.06042937, -0.20200846,  0.2476116 , -0.24865401,  0.00368535,
        0.02723765,  0.01518534, -0.19670074, -0.08233812,  0.214587  ,
       -0.03842271, -0.1688031 , -0.01340382, -0.14470237,  0.16263652,
       -0.16450737, -0.05471445,  0.07380214,  0.0092757 , -0.1748124 ,
        0.1212564 , -0.16472693,  0.05925477,  0.00169535, -0.07469358,
       -0.2561641 ,  0.01138234, -0.09061492, -0.21966441,  0.03788421,
        0.14724283, -0.02518683, -0.02436856,  0.01231539,  0.24003464,
       -0.13114311,  0.01406443, -0.12680553,  0.20341007,  0.0649313 ,
        0.08878446, -0.16066301,  0.0493435 ,  0.01167552,  0.24727541],
      dtype=float32), 'fiction': array([ 0.08222226,  0.11297379, -0.18340686,  0.03706869,  0.03696117,
       -0.04976866,  0.13500847, -0.27797383,  0.11769018, -0.09539758,
        0.09311519,  0.17923261,  0.16594711, -0.0368811 , -0.01283739,
       -0.01796956,  0.06541118, -0.18838836, -0.01224198, -0.03139832,
        0.13202168, -0.10922929, -0.05031886, -0.02274316, -0.08644523,
        0.14051865, -0.00206042,  0.13378894, -0.06238472,  0.05536843,
        0.15740831, -0.02933958,  0.05888622,  0.00876401,  0.14170802,
       -0.17883487,  0.21435721,  0.06431415, -0.00509565, -0.00964924,
        0.00188272,  0.02090712,  0.19995807,  0.00137484,  0.07296766,
       -0.08252489, -0.01151802,  0.02726452, -0.0147107 , -0.09546402],
      dtype=float32), 'henry_fonda': array([ 0.03805752, -0.00340538,  0.00783599,  0.04426239, -0.09423134,
        0.11749887, -0.03797289,  0.13828537, -0.0379817 , -0.12663522,
       -0.15120123,  0.00771852, -0.20020695, -0.0931107 ,  0.08159184,
       -0.1342137 , -0.01890078,  0.1094398 , -0.06133299,  0.03083633,
       -0.07607332, -0.00257617,  0.02767697,  0.06730437, -0.08427716,
        0.11412553,  0.06200511, -0.04770796,  0.01700941, -0.16702396,
       -0.07299524, -0.02019179, -0.02903035,  0.01864639,  0.02935697,
        0.03126631, -0.00429497,  0.11279268, -0.05148845,  0.1282943 ,
       -0.08461988,  0.14793387, -0.00846201,  0.15508266, -0.01028453,
        0.12008302,  0.12168217, -0.16113934,  0.05929362,  0.02007039],
      dtype=float32), 'harriette_simpson_arnow': array([-0.00609329,  0.40371785, -0.0925652 ,  0.27536076,  0.15900631,
       -0.03672012, -0.00681988, -0.28010994,  0.3048936 , -0.16023503,
        0.1206375 ,  0.22596145,  0.16488618,  0.12694289, -0.00220427,
       -0.22637919,  0.22928841, -0.21816477, -0.02047391,  0.06895695,
        0.24237198, -0.17719698, -0.06811799, -0.15540372,  0.06963468,
        0.24888015, -0.04416392, -0.03359286, -0.2072541 ,  0.0808446 ,
        0.18124889,  0.13066532,  0.11550345,  0.19737688, -0.05311416,
       -0.19206886, -0.01940214,  0.28217006, -0.06819519, -0.07309403,
        0.05055815,  0.05656675,  0.21786359,  0.06635988, -0.12647104,
        0.04795814,  0.24748316, -0.31965992, -0.15489574, -0.23931465],
      dtype=float32), 'light_in_august': array([-0.04315028,  0.01334385, -0.04936384, -0.11590341, -0.04758983,
       -0.07280602, -0.08117341,  0.03328136, -0.02688427,  0.01596365,
        0.04824169,  0.03848914, -0.04007753, -0.00745441,  0.03581211,
        0.05345535,  0.02596222,  0.16352847,  0.02159499,  0.04927801,
        0.01828184, -0.07680212, -0.11302923, -0.10691928,  0.01697864,
       -0.13177978,  0.01879026,  0.08416662, -0.07425836,  0.09464167,
       -0.11817784,  0.02436832,  0.01569   , -0.08966463,  0.00866067,
        0.06766148,  0.11527243,  0.09496147,  0.07053941,  0.04157576,
       -0.05784376, -0.03014722, -0.11902945,  0.04599717, -0.05129765,
        0.20909815, -0.08117281,  0.04107598, -0.0994057 ,  0.02596327],
      dtype=float32), 'toni_morrison': array([ 4.22235578e-02, -5.64591661e-02,  1.06866017e-01, -8.29699170e-03,
        8.70304778e-02,  1.01206020e-01,  9.80198165e-05, -4.37567532e-02,
       -8.80570710e-02,  2.85116937e-02, -9.19244997e-03,  2.90750768e-02,
        6.75302148e-02, -4.70574759e-02,  1.71425790e-01, -8.05606041e-03,
       -2.80018728e-02,  7.80616850e-02, -1.30849048e-01,  1.28183514e-02,
       -1.40447050e-01,  1.19276650e-01, -1.34553209e-01, -5.39668091e-02,
       -2.04976033e-02,  1.11214861e-01, -4.66339514e-02, -1.13364577e-01,
        9.59095806e-02,  1.28731541e-02, -3.87396477e-02, -1.03170909e-01,
        3.00926920e-02, -1.21760204e-01,  1.60180312e-02,  5.52440574e-03,
        5.65274172e-02,  1.67124480e-01,  8.84705856e-02,  9.22619849e-02,
       -5.81651367e-02,  2.69608926e-02,  2.87781954e-02,  1.60775244e-01,
       -4.33608610e-03,  5.52067198e-02, -9.13174916e-03, -1.07731417e-01,
        2.88971197e-02,  3.15573141e-02], dtype=float32), 'the_grapes_of_wrath_(film)': array([-0.12310062, -0.02122339, -0.01340142, -0.07370059, -0.04193527,
       -0.2696434 , -0.06400412,  0.03486485, -0.01958635, -0.02458417,
       -0.09051025, -0.03368944,  0.05938446, -0.06388503,  0.00785244,
        0.04553096,  0.17732394,  0.08900982,  0.23393685,  0.03860576,
        0.05089257,  0.1264637 ,  0.04512554,  0.08786831, -0.07204971,
       -0.21841136,  0.13277163,  0.09809796, -0.0705976 ,  0.10660049,
        0.06053314,  0.09477834,  0.04345387, -0.09586348,  0.1666788 ,
       -0.04019618,  0.04609272,  0.05948139, -0.00311916, -0.11569064,
        0.02772776, -0.02246126,  0.06142649, -0.16585846, -0.12732366,
        0.02698087, -0.09781321,  0.08577979,  0.07036463,  0.07206883],
      dtype=float32), 'to_kill_a_mockingbird': array([ 0.07335018, -0.29976222,  0.03304052, -0.1337088 ,  0.0099654 ,
        0.0384456 , -0.08689656,  0.1845669 , -0.17476119,  0.13392828,
       -0.02406959, -0.08940595, -0.11471336, -0.15597336,  0.0861448 ,
       -0.02455399,  0.08440509,  0.15412602, -0.03555107,  0.01201916,
       -0.13576373,  0.1421968 , -0.13387798, -0.11891156, -0.12714198,
        0.01099685,  0.08925028,  0.05604799,  0.22037134, -0.01731186,
       -0.16323186, -0.12260652, -0.0792558 , -0.08602223, -0.00129511,
        0.16290435, -0.01669948, -0.02624561,  0.02716566,  0.02500174,
       -0.08140888, -0.03907277, -0.15705146,  0.0181115 ,  0.0911634 ,
        0.1579276 , -0.12176684,  0.18720734,  0.10575676,  0.04695675],
      dtype=float32), 'a_farewell_to_arms': array([ 0.08685801,  0.10133587, -0.05303057,  0.2318954 ,  0.10970395,
       -0.01666283,  0.01504957, -0.17309593,  0.06743298,  0.12746839,
       -0.08875206,  0.07582318,  0.14323303,  0.07079747, -0.05511347,
       -0.06571641, -0.03979714,  0.09342415,  0.07876482, -0.09834325,
        0.15540242, -0.07500641,  0.00291287, -0.06136005,  0.11214945,
        0.18954188, -0.08369002, -0.17820236,  0.00977929, -0.00829146,
        0.01268206, -0.03487924, -0.03611074, -0.09094203,  0.07519897,
       -0.14875828,  0.15218134,  0.20184976,  0.14703868,  0.01108214,
        0.04618487,  0.08521874,  0.07971969,  0.1133369 ,  0.11363809,
       -0.13529706,  0.00562238, -0.19862244,  0.03711791, -0.13990921],
      dtype=float32), 'the_catcher_in_the_rye': array([ 0.14038879, -0.17055552, -0.03917967, -0.03441427,  0.12759142,
        0.14283554,  0.03830264,  0.17433456, -0.21171996,  0.03125746,
       -0.00920306, -0.12646335, -0.0607786 , -0.02908497,  0.10412328,
       -0.1241279 , -0.14265646,  0.00474593, -0.00235626,  0.19164756,
        0.0987085 ,  0.12186342, -0.09127408, -0.0442236 ,  0.00302459,
       -0.04236472, -0.09603498, -0.15729704,  0.02693181, -0.1134912 ,
       -0.03061506,  0.07023048, -0.02713841, -0.03584736, -0.21557657,
       -0.07367894,  0.0568154 , -0.06642426,  0.0206795 ,  0.0752875 ,
       -0.06333687, -0.04787201,  0.0695619 ,  0.02277413,  0.15146644,
        0.03504654,  0.00365507,  0.18861607, -0.12713161,  0.04061763],
      dtype=float32), 'invisible_man': array([ 0.10753285, -0.01156647, -0.01398639,  0.18767282,  0.15263565,
        0.16039537,  0.06215659, -0.08806526,  0.11058538, -0.06002739,
       -0.09754588,  0.06236166,  0.10673693,  0.07392405,  0.04111319,
       -0.04961963, -0.03696462, -0.01542081, -0.15222378, -0.03295309,
        0.11304583, -0.15131338,  0.00616071, -0.00712472,  0.03972801,
        0.09627713,  0.02009381,  0.07815406, -0.07219031, -0.03630554,
        0.08545669,  0.04780731, -0.08571319, -0.04102369, -0.00217212,
        0.10480618,  0.00948752,  0.04425474,  0.04104811,  0.03712412,
       -0.03026   ,  0.09950179, -0.08903254,  0.08768746, -0.15999977,
       -0.04671755, -0.01413895, -0.13737853, -0.1407487 , -0.11186626],
      dtype=float32), 'stan_lee': array([ 0.05435529, -0.00966857, -0.08678031,  0.00231735,  0.11592869,
       -0.05698054,  0.01717995,  0.00834993,  0.05150663,  0.05294174,
       -0.09710857,  0.07218096,  0.07781427,  0.06633227,  0.06010379,
       -0.09602936, -0.01780989, -0.08679862, -0.12542276,  0.11230844,
        0.01653226, -0.08262258, -0.12878413,  0.02297732, -0.03169069,
       -0.01881856, -0.15332496, -0.1404522 ,  0.07857899, -0.02813638,
       -0.02067707, -0.09457609, -0.01910773, -0.11230798, -0.16221423,
       -0.01418402,  0.04012202, -0.13213955,  0.11725964,  0.0822634 ,
       -0.17540851,  0.09409238, -0.01641019, -0.01770398, -0.01271889,
        0.04702658, -0.01039643, -0.07302471,  0.02208199,  0.129088  ],
      dtype=float32), 'infinite_jest': array([ 0.05841244,  0.06083417,  0.05107554, -0.05362707, -0.03132156,
       -0.04572116, -0.07685339, -0.15560351,  0.21751891, -0.00747361,
       -0.05651295, -0.01828128,  0.13315077, -0.05857141,  0.00741289,
        0.14892866,  0.00399885, -0.05319186,  0.1391322 ,  0.00964925,
        0.09756593,  0.14147389, -0.050682  ,  0.00037041, -0.17583108,
       -0.23505919,  0.10364529,  0.07256369, -0.13269171,  0.1181132 ,
       -0.08989888,  0.03642926,  0.08686794, -0.04917859,  0.15451844,
        0.01643204,  0.07003704, -0.12262921, -0.1596612 , -0.06617127,
       -0.0656935 ,  0.00314005,  0.10879827, -0.18187705, -0.07647612,
       -0.03041307, -0.02429669, -0.00324941, -0.06852666, -0.05241197],
      dtype=float32), 'marilynne_robinson': array([ 0.09249806,  0.26374254, -0.02035878,  0.31781724, -0.03636303,
        0.16077909,  0.14313795, -0.1381082 ,  0.15959205, -0.21127692,
       -0.03406133,  0.13266656,  0.21164204,  0.03531314, -0.10672271,
       -0.01434075, -0.02526704, -0.05879868, -0.20154542, -0.04173211,
        0.2279835 , -0.25605506, -0.03269308, -0.10818665,  0.08542308,
        0.12484272, -0.2056046 , -0.13211775, -0.12475011,  0.10629704,
        0.04407955,  0.08342025,  0.07394048,  0.14129965,  0.08847976,
       -0.20833974,  0.16291426,  0.08970185, -0.12030701, -0.00945563,
       -0.01468606, -0.03716639,  0.3033744 ,  0.00237777,  0.06336661,
        0.02055582,  0.1524164 , -0.19592297, -0.14351314, -0.16115665],
      dtype=float32), 'william_faulkner': array([ 0.16051899,  0.10504223, -0.01232932,  0.01721336,  0.04313267,
        0.16552469, -0.12748276,  0.09219222, -0.12348159, -0.00212888,
       -0.0120248 ,  0.12759867, -0.035161  ,  0.05696135,  0.11310804,
       -0.19528751,  0.02102891,  0.18147372, -0.06596518,  0.21679258,
        0.07825573, -0.11736391,  0.04753131, -0.05442932,  0.10904116,
        0.26234362, -0.20427006, -0.04362774, -0.01630304, -0.10696074,
       -0.05160477, -0.09085749, -0.17901218, -0.24965419,  0.01199759,
       -0.02710922, -0.10273337,  0.1052891 ,  0.09982257, -0.02928691,
       -0.13565624, -0.08584867,  0.11013382,  0.19240403, -0.1059048 ,
        0.15867692, -0.04613289, -0.0789222 ,  0.00979929,  0.15555115],
      dtype=float32), 'ernest_hemingway': array([ 0.0924219 , -0.11789975,  0.1669682 , -0.07819614,  0.04851   ,
        0.14551872, -0.123373  ,  0.3140367 , -0.25869438,  0.07598265,
       -0.09387952, -0.09780553, -0.19003466,  0.24192047,  0.09547009,
       -0.18698855, -0.25259864,  0.04033836, -0.1154553 ,  0.06820477,
       -0.08134491, -0.02628929, -0.07922447,  0.10701961,  0.10353335,
       -0.00668707, -0.01165571, -0.16527724, -0.04466445, -0.00188614,
       -0.12016723,  0.04866688, -0.28425997, -0.03152203, -0.13326058,
        0.03898733, -0.22960103,  0.05970411,  0.15044945,  0.2929327 ,
       -0.06270688, -0.0871239 , -0.05918333,  0.18193313, -0.06253277,
        0.05132877,  0.08465084,  0.03360939, -0.04390538,  0.15173629],
      dtype=float32), 'history_of_the_united_states': array([-0.06240327, -0.48012432, -0.17442296, -0.510408  , -0.01196545,
       -0.2995817 ,  0.0351817 ,  0.1493126 ,  0.0426536 ,  0.04869678,
       -0.04107932, -0.28481254,  0.02243128, -0.14605846, -0.01864728,
        0.48385024, -0.16343576, -0.04539078,  0.2207861 , -0.2231523 ,
       -0.35447174,  0.28081724,  0.18552782,  0.13319945, -0.36510816,
       -0.41418406,  0.3061776 ,  0.46469012,  0.20060693,  0.04514073,
       -0.2245085 ,  0.02730234, -0.00820253,  0.13358916,  0.13642916,
        0.07722173, -0.10746574, -0.4117741 , -0.28721446,  0.12352245,
        0.31711873, -0.232104  , -0.27644783, -0.252319  , -0.02050634,
       -0.08083689, -0.35759404,  0.28087246,  0.15817079,  0.00581574],
      dtype=float32), 'saul_bellow': array([ 0.14583851,  0.17056374,  0.05282981,  0.11956507, -0.01439779,
        0.22060035,  0.05189639, -0.02791769, -0.01044269, -0.06368297,
        0.02331491, -0.06361711, -0.087042  , -0.01418396,  0.07190594,
       -0.03998945, -0.12482928,  0.0410604 , -0.04156438,  0.0170541 ,
        0.08446579, -0.09749423, -0.04055047, -0.03855138,  0.15091646,
        0.09874248, -0.17328784,  0.04460429, -0.08799405, -0.14491133,
        0.08761925, -0.008449  ,  0.04561374,  0.0249038 , -0.12381391,
        0.09496989, -0.05486325, -0.03994194, -0.07811098,  0.13179244,
       -0.08288848,  0.105638  ,  0.02669038,  0.08616765, -0.05195164,
        0.09994909, -0.02136211, -0.06443167,  0.0161374 ,  0.01641819],
      dtype=float32), 'j_r': array([-0.07804867,  0.24539115, -0.01824189,  0.29615203,  0.15934525,
       -0.02634836,  0.07784584, -0.19609779,  0.22427653,  0.00507934,
       -0.02112398,  0.07464867,  0.1709099 ,  0.04503201, -0.17857021,
       -0.16238537, -0.06010536, -0.13481513, -0.10451298, -0.00220393,
        0.00740278, -0.25944647, -0.11065168,  0.03997558,  0.11602425,
        0.1402832 , -0.1521558 , -0.05232102, -0.03716112,  0.0228348 ,
        0.19199133, -0.0171615 , -0.07368149,  0.10557152, -0.01345984,
        0.02834218,  0.09635351,  0.15809102, -0.10608673, -0.01594821,
       -0.07642617, -0.06840671,  0.10579648, -0.01346132,  0.04487068,
       -0.07398109,  0.10286404, -0.19467151,  0.009276  , -0.02070906],
      dtype=float32), 'american_literature': array([-0.01092881, -0.27142292, -0.03388761, -0.17492855, -0.04513695,
       -0.18243176,  0.05312737,  0.21576165,  0.00866736, -0.00587493,
       -0.06656446, -0.233413  ,  0.01986236,  0.1156061 ,  0.0455661 ,
        0.09735102, -0.15058713,  0.08303031,  0.06173227,  0.04147691,
       -0.0920788 ,  0.19891939,  0.08120582, -0.05605524, -0.11833692,
       -0.13254373,  0.0516439 ,  0.19252166,  0.24861668, -0.10278048,
       -0.26175648, -0.02574515, -0.0927701 ,  0.03650747,  0.06678779,
        0.16683842, -0.20048219, -0.29382458,  0.02752224,  0.17984977,
        0.12909926, -0.16019395, -0.2667359 , -0.07024187,  0.03943568,
        0.0251184 , -0.10407392,  0.13861886,  0.14825   ,  0.05033113],
      dtype=float32), 'the_grapes_of_wrath': array([-0.11038502, -0.07655057, -0.1802648 , -0.01366873,  0.06542339,
       -0.14703988,  0.06576131, -0.01102959,  0.0170701 , -0.08244979,
        0.01784193, -0.08634418,  0.04966413, -0.04694287, -0.02538705,
        0.10831136,  0.10813833,  0.04848897,  0.19022268,  0.0045507 ,
        0.05548077,  0.12104488,  0.16699485,  0.01372867,  0.00481202,
       -0.10037547,  0.16713062,  0.04522384,  0.10080068,  0.1730038 ,
        0.08261079,  0.06944614,  0.09307473,  0.06999077,  0.07495949,
       -0.03467507, -0.09864178, -0.05267876, -0.01956619, -0.03472206,
        0.01515188, -0.18451758,  0.01298018, -0.21127418, -0.02998487,
        0.08237381,  0.03809535,  0.07209567,  0.17919736, -0.17471226],
      dtype=float32), 'adventures_of_huckleberry_finn': array([-0.08828811, -0.19362237, -0.15142092, -0.10307858,  0.02542542,
        0.05944115,  0.09646733,  0.07587335,  0.03054946,  0.14763935,
        0.09834416, -0.04251858,  0.0168079 , -0.21931538, -0.06069068,
       -0.04060594, -0.0966405 ,  0.15165494,  0.11853614, -0.04607495,
       -0.09383648, -0.00336949,  0.00742115, -0.01650304, -0.14278224,
        0.01983226, -0.00240718,  0.07885215,  0.10288718, -0.1521246 ,
        0.03690273, -0.09652101, -0.00136216,  0.09294374,  0.04049974,
        0.07802244, -0.10137178, -0.03570352, -0.05590739,  0.02118222,
        0.05343234,  0.06406008, -0.12551999, -0.09859071, -0.14959063,
       -0.10657898, -0.19985405,  0.09947631,  0.13033614, -0.02589219],
      dtype=float32), 'david_foster_wallace': array([-0.05701777,  0.03096242,  0.10859128,  0.16331252, -0.07908905,
       -0.04809178,  0.01642918, -0.10292936,  0.03021512,  0.13958207,
        0.02133344,  0.07128146,  0.13026205,  0.02317406,  0.08117409,
        0.05925871, -0.05673513, -0.06603207, -0.13065182,  0.0673373 ,
       -0.01881268, -0.03472595, -0.13029702,  0.10158743,  0.01583541,
        0.05159897, -0.12657002, -0.03385261, -0.033249  ,  0.07853094,
        0.08859213,  0.16185994, -0.09940684,  0.01912694, -0.0434302 ,
       -0.14494364,  0.11409753, -0.03748273,  0.08188683, -0.01729223,
       -0.16724579,  0.12450022,  0.07138149,  0.09736839,  0.08338855,
       -0.06717733, -0.0339555 , -0.14184782,  0.05011272, -0.02491735],
      dtype=float32), 'literal_and_figurative_language': array([-0.00495626,  0.13873291, -0.11065982,  0.19271971, -0.04258628,
       -0.08383167,  0.16567199, -0.3687193 ,  0.34192342, -0.13529904,
        0.15553282,  0.19433661,  0.25791684, -0.09341729, -0.08217574,
       -0.1020869 ,  0.05489361, -0.01111613, -0.07402129, -0.11851361,
       -0.05041568, -0.16711856,  0.01857014, -0.17623086,  0.15309569,
        0.06092519, -0.05306376, -0.01806998, -0.23457552,  0.25568444,
        0.06743106,  0.198347  ,  0.24379502,  0.0819826 ,  0.05391834,
       -0.05909523,  0.2422219 ,  0.13637078,  0.05229664, -0.0103325 ,
        0.06260162, -0.06559882,  0.228599  ,  0.02674008, -0.01268602,
       -0.15812661,  0.23093109, -0.22585946,  0.04203659, -0.01975193],
      dtype=float32), 'fantastic_four': array([-0.08834155, -0.22946033, -0.04580675, -0.34391838,  0.04981906,
       -0.15566562, -0.12958115,  0.16632897, -0.07132047,  0.17639628,
       -0.09116352, -0.03148222, -0.07166568, -0.05733053, -0.09207457,
        0.17281795,  0.0378832 , -0.01518598,  0.26475078, -0.06377774,
       -0.09323321,  0.29786116,  0.04347172,  0.0338163 ,  0.0043633 ,
       -0.23865785,  0.04513327, -0.06822329,  0.03326607,  0.10904429,
       -0.0024892 ,  0.06963306,  0.03770972,  0.12305567,  0.12579966,
        0.19039433, -0.07420778, -0.24997278,  0.07663982,  0.06331387,
        0.0934189 , -0.16731314,  0.01007163, -0.08456851,  0.06388576,
       -0.05936871, -0.20112579,  0.18359742,  0.1944762 , -0.11688674],
      dtype=float32), 'the_adventures_of_tom_sawyer': array([ 0.112319  ,  0.00803004,  0.11459102,  0.06708259, -0.05241185,
        0.08524545,  0.12223054,  0.02750514,  0.14505821, -0.15051238,
       -0.13082817, -0.0077037 , -0.08370119, -0.02033194, -0.02683392,
        0.06007577,  0.03263913,  0.03942583,  0.03718247, -0.01887252,
       -0.07078114, -0.03037671,  0.05870743, -0.00099176,  0.00901372,
        0.13809673, -0.0154981 , -0.09087306,  0.01756056,  0.09155423,
        0.02847528, -0.08080976, -0.00186244, -0.11555954,  0.02137546,
        0.01687466, -0.04306871,  0.12822436, -0.08337502, -0.1644816 ,
       -0.11186809,  0.1129296 ,  0.11025138,  0.08524591, -0.05765115,
        0.10365635, -0.07685278, -0.09959783, -0.08146916, -0.06290872],
      dtype=float32), 'harper_lee': array([ 0.02446855,  0.05721628, -0.09052429,  0.15117513, -0.09210229,
        0.15926251,  0.00860488,  0.05337507,  0.06156951,  0.0150265 ,
       -0.0724344 ,  0.09880466, -0.06341068, -0.13648842,  0.10487012,
       -0.21042967, -0.07549157,  0.12239736, -0.05558567, -0.05618589,
       -0.03234845, -0.08219141, -0.07060637,  0.09624977, -0.0730366 ,
        0.12975657, -0.15054113, -0.26308897, -0.06648256, -0.15986453,
        0.16486381,  0.02174429, -0.16015682, -0.07898681, -0.20970686,
       -0.04987969,  0.03773557,  0.2118305 ,  0.17617904, -0.06539249,
       -0.13333587,  0.14346805, -0.07001219,  0.14213233,  0.0018393 ,
        0.15991175, -0.13661158, -0.06479876,  0.07047371,  0.14409435],
      dtype=float32), 'western_canon': array([-0.1667145 , -0.22061713,  0.09788918, -0.3181002 , -0.07723606,
       -0.21696973, -0.08266614,  0.01198955, -0.09204482,  0.14715314,
        0.0428682 , -0.1726481 , -0.01262374,  0.01878344, -0.06640241,
        0.17519642,  0.05626534,  0.02635721,  0.14187847, -0.2533817 ,
       -0.19720207,  0.10317206,  0.1331397 , -0.0199053 , -0.20800535,
       -0.24626312,  0.13155001,  0.13130458,  0.0736777 , -0.04454117,
       -0.16378544,  0.12034034, -0.01489444,  0.05283477,  0.22903156,
       -0.03906646, -0.17408511, -0.08248697, -0.21600567,  0.00181742,
        0.20992595, -0.20257048, -0.09909077, -0.15208313,  0.0891061 ,
       -0.05212525, -0.1025404 ,  0.1379479 ,  0.20452751,  0.16137046],
      dtype=float32)}
Successfully wrote to 3layer_50neuron_100emb_0.pkl
